frame_number,landmark,x,y,z,action,label
0,NOSE,0.41866886615753174,0.5373130440711975,0.12249162793159485,[],0
0,LEFT_EYE_INNER,0.41615942120552063,0.5293850302696228,0.11095347255468369,[],0
0,LEFT_EYE,0.4146294593811035,0.5294574499130249,0.11098082363605499,[],0
0,LEFT_EYE_OUTER,0.4130708873271942,0.5296376347541809,0.11096566170454025,[],0
0,RIGHT_EYE_INNER,0.4192391037940979,0.5292807817459106,0.10370315611362457,[],0
0,RIGHT_EYE,0.41996726393699646,0.5292573571205139,0.10371650010347366,[],0
0,RIGHT_EYE_OUTER,0.4206831753253937,0.5292531251907349,0.10366823524236679,[],0
0,LEFT_EAR,0.4090648293495178,0.5340578556060791,0.06787235289812088,[],0
0,RIGHT_EAR,0.4202645719051361,0.5329372882843018,0.03660121187567711,[],0
0,MOUTH_LEFT,0.4167177379131317,0.5431798696517944,0.11081982403993607,[],0
0,MOUTH_RIGHT,0.42010408639907837,0.5435168147087097,0.10158233344554901,[],0
0,LEFT_SHOULDER,0.39031538367271423,0.5744028091430664,0.08672884106636047,[],0
0,RIGHT_SHOULDER,0.43033018708229065,0.5811401009559631,-0.02138230763375759,[],0
0,LEFT_ELBOW,0.3924298882484436,0.633293867111206,0.17251096665859222,[],0
0,RIGHT_ELBOW,0.43680450320243835,0.6485009789466858,0.03154408186674118,[],0
0,LEFT_WRIST,0.40616288781166077,0.612870454788208,0.2677808701992035,[],0
0,RIGHT_WRIST,0.44045254588127136,0.6333242654800415,0.145966038107872,[],0
0,LEFT_PINKY,0.4071720838546753,0.6099626421928406,0.28695857524871826,[],0
0,RIGHT_PINKY,0.4499114453792572,0.6337960958480835,0.15976330637931824,[],0
0,LEFT_INDEX,0.4107113480567932,0.6037747859954834,0.28575775027275085,[],0
0,RIGHT_INDEX,0.44599780440330505,0.6246534585952759,0.15960821509361267,[],0
0,LEFT_THUMB,0.4114314913749695,0.6051774621009827,0.269977867603302,[],0
0,RIGHT_THUMB,0.44015827775001526,0.6232319474220276,0.15015657246112823,[],0
0,LEFT_HIP,0.39276784658432007,0.7134440541267395,0.04270750284194946,[],0
0,RIGHT_HIP,0.4176134467124939,0.7141426205635071,-0.04287133738398552,[],0
0,LEFT_KNEE,0.3883667290210724,0.7936534881591797,0.0746070146560669,[],0
0,RIGHT_KNEE,0.44231659173965454,0.7946450710296631,-0.011959639377892017,[],0
0,LEFT_ANKLE,0.37527385354042053,0.8848259449005127,0.06849884986877441,[],0
0,RIGHT_ANKLE,0.43378540873527527,0.8940290212631226,-0.027486348524689674,[],0
0,LEFT_HEEL,0.37206172943115234,0.8999356627464294,0.06868636608123779,[],0
0,RIGHT_HEEL,0.425998717546463,0.9124442934989929,-0.026913246139883995,[],0
0,LEFT_FOOT_INDEX,0.3801647126674652,0.8936471939086914,0.0749843493103981,[],0
0,RIGHT_FOOT_INDEX,0.4572480320930481,0.912118136882782,-0.022646479308605194,[],0
1,NOSE,0.42249447107315063,0.5377181172370911,0.10344220697879791,0,0
1,LEFT_EYE_INNER,0.4197145104408264,0.5296671986579895,0.09486962109804153,0,0
1,LEFT_EYE,0.41817978024482727,0.5296241044998169,0.09489189833402634,0,0
1,LEFT_EYE_OUTER,0.4166596531867981,0.5297123193740845,0.09488607197999954,0,0
1,RIGHT_EYE_INNER,0.42295414209365845,0.5299376845359802,0.0849919468164444,0,0
1,RIGHT_EYE,0.42368704080581665,0.5300096273422241,0.08499967306852341,0,0
1,RIGHT_EYE_OUTER,0.4243955910205841,0.5300764441490173,0.08494123071432114,0,0
1,LEFT_EAR,0.41202428936958313,0.5341137051582336,0.06250998377799988,0,0
1,RIGHT_EAR,0.42281991243362427,0.5339927673339844,0.01960298791527748,0,0
1,MOUTH_LEFT,0.4200187027454376,0.5438694357872009,0.09565366804599762,0,0
1,MOUTH_RIGHT,0.42301151156425476,0.5444567799568176,0.08302164822816849,0,0
1,LEFT_SHOULDER,0.3924156427383423,0.574434757232666,0.08675176650285721,0,0
1,RIGHT_SHOULDER,0.43041616678237915,0.5815864205360413,-0.036532461643218994,0,0
1,LEFT_ELBOW,0.3968624174594879,0.6328823566436768,0.1728399246931076,0,0
1,RIGHT_ELBOW,0.4368162155151367,0.6506863832473755,0.013417347334325314,0,0
1,LEFT_WRIST,0.4081248641014099,0.6156536340713501,0.2672826647758484,0,0
1,RIGHT_WRIST,0.44109678268432617,0.6403669118881226,0.1281844824552536,0,0
1,LEFT_PINKY,0.40881583094596863,0.6136194467544556,0.2863820791244507,0,0
1,RIGHT_PINKY,0.446338951587677,0.6394273638725281,0.141442209482193,0,0
1,LEFT_INDEX,0.41188937425613403,0.6074755787849426,0.2851960361003876,0,0
1,RIGHT_INDEX,0.43962088227272034,0.6260387301445007,0.14087137579917908,0,0
1,LEFT_THUMB,0.41282135248184204,0.6086081862449646,0.2693558633327484,0,0
1,RIGHT_THUMB,0.4394310712814331,0.6303043365478516,0.13220010697841644,0,0
1,LEFT_HIP,0.3946495056152344,0.7133512496948242,0.0462818406522274,0,0
1,RIGHT_HIP,0.4182770848274231,0.7141351699829102,-0.04650067165493965,0,0
1,LEFT_KNEE,0.3881566822528839,0.7930862903594971,0.09267714619636536,0,0
1,RIGHT_KNEE,0.442861944437027,0.7951897978782654,-0.010376892052590847,0,0
1,LEFT_ANKLE,0.37524446845054626,0.8822057843208313,0.0827423632144928,0,0
1,RIGHT_ANKLE,0.4340362250804901,0.895370364189148,-0.02248554117977619,0,0
1,LEFT_HEEL,0.37206709384918213,0.8964252471923828,0.08267708122730255,0,0
1,RIGHT_HEEL,0.4261724352836609,0.9128274917602539,-0.021192584186792374,0,0
1,LEFT_FOOT_INDEX,0.3799886107444763,0.895132303237915,0.0899200364947319,0,0
1,RIGHT_FOOT_INDEX,0.4571034610271454,0.9122645854949951,-0.016938466578722,0,0
2,NOSE,0.4230031669139862,0.5378600358963013,0.10991938412189484,0,0
2,LEFT_EYE_INNER,0.4202497899532318,0.5297306180000305,0.09983914345502853,0,0
2,LEFT_EYE,0.41872870922088623,0.5296470522880554,0.09986421465873718,0,0
2,LEFT_EYE_OUTER,0.41720113158226013,0.5297136902809143,0.09985124319791794,0,0
2,RIGHT_EYE_INNER,0.4236287772655487,0.5301878452301025,0.09138481318950653,0,0
2,RIGHT_EYE,0.4244175851345062,0.5303258895874023,0.0913948267698288,0,0
2,RIGHT_EYE_OUTER,0.42516979575157166,0.5304502844810486,0.09134091436862946,0,0
2,LEFT_EAR,0.41262874007225037,0.5341178774833679,0.06800699979066849,0,0
2,RIGHT_EAR,0.42363956570625305,0.5344849228858948,0.024950454011559486,0,0
2,MOUTH_LEFT,0.42052552103996277,0.5441009998321533,0.1001613587141037,0,0
2,MOUTH_RIGHT,0.4235907793045044,0.5448613166809082,0.08931274712085724,0,0
2,LEFT_SHOULDER,0.3930801749229431,0.5744600892066956,0.09370449930429459,0,0
2,RIGHT_SHOULDER,0.43049487471580505,0.5816438794136047,-0.03220907226204872,0,0
2,LEFT_ELBOW,0.39822301268577576,0.6325049996376038,0.1799476593732834,0,0
2,RIGHT_ELBOW,0.4368455708026886,0.6514829397201538,0.01952851563692093,0,0
2,LEFT_WRIST,0.40939921140670776,0.6155504584312439,0.27543848752975464,0,0
2,RIGHT_WRIST,0.44126102328300476,0.6415296792984009,0.13323736190795898,0,0
2,LEFT_PINKY,0.4098765552043915,0.6133737564086914,0.29570141434669495,0,0
2,RIGHT_PINKY,0.4448784291744232,0.6401035189628601,0.14592626690864563,0,0
2,LEFT_INDEX,0.4129013419151306,0.6072614192962646,0.29479023814201355,0,0
2,RIGHT_INDEX,0.439837247133255,0.6292298436164856,0.14557115733623505,0,0
2,LEFT_THUMB,0.4139130711555481,0.6084644794464111,0.2777685523033142,0,0
2,RIGHT_THUMB,0.4385894238948822,0.6315063238143921,0.13724036514759064,0,0
2,LEFT_HIP,0.3954252302646637,0.7132519483566284,0.046765461564064026,0,0
2,RIGHT_HIP,0.4187009632587433,0.7141003608703613,-0.04699922353029251,0,0
2,LEFT_KNEE,0.388048380613327,0.7920452952384949,0.09243364632129669,0,0
2,RIGHT_KNEE,0.44332191348075867,0.795444905757904,-0.010459201410412788,0,0
2,LEFT_ANKLE,0.37521904706954956,0.8805819749832153,0.07480411976575851,0,0
2,RIGHT_ANKLE,0.43403521180152893,0.8955388069152832,-0.03349684923887253,0,0
2,LEFT_HEEL,0.37211886048316956,0.895165205001831,0.0721183493733406,0,0
2,RIGHT_HEEL,0.4260668158531189,0.912868082523346,-0.033621616661548615,0,0
2,LEFT_FOOT_INDEX,0.3796149492263794,0.8953683376312256,0.0805075392127037,0,0
2,RIGHT_FOOT_INDEX,0.4568316340446472,0.9122733473777771,-0.028888875618577003,0,0
3,NOSE,0.42517974972724915,0.5380477905273438,0.11834254115819931,0,0
3,LEFT_EYE_INNER,0.4224517047405243,0.5301090478897095,0.10985159128904343,0,0
3,LEFT_EYE,0.42096298933029175,0.5298964381217957,0.1098695918917656,0,0
3,LEFT_EYE_OUTER,0.4195040464401245,0.5298342108726501,0.10986814647912979,0,0
3,RIGHT_EYE_INNER,0.42583343386650085,0.5308772325515747,0.10084862262010574,0,0
3,RIGHT_EYE,0.42677971720695496,0.5310914516448975,0.10085344314575195,0,0
3,RIGHT_EYE_OUTER,0.4276657700538635,0.5312507152557373,0.10080213099718094,0,0
3,LEFT_EAR,0.41541507840156555,0.5342954397201538,0.07632323354482651,0,0
3,RIGHT_EAR,0.4264273941516876,0.5354928374290466,0.03632119670510292,0,0
3,MOUTH_LEFT,0.42286357283592224,0.5443260669708252,0.10957566648721695,0,0
3,MOUTH_RIGHT,0.42606353759765625,0.5451927185058594,0.09815164655447006,0,0
3,LEFT_SHOULDER,0.39628392457962036,0.5751625299453735,0.09658102691173553,0,0
3,RIGHT_SHOULDER,0.4326578676700592,0.5844495296478271,-0.01786802150309086,0,0
3,LEFT_ELBOW,0.40087583661079407,0.6327447295188904,0.17607130110263824,0,0
3,RIGHT_ELBOW,0.43755826354026794,0.6564360857009888,0.03311682119965553,0,0
3,LEFT_WRIST,0.4106857180595398,0.6226470470428467,0.2610867917537689,0,0
3,RIGHT_WRIST,0.43881338834762573,0.6408461332321167,0.15132398903369904,0,0
3,LEFT_PINKY,0.4110608994960785,0.6212534308433533,0.2791861593723297,0,0
3,RIGHT_PINKY,0.4407491981983185,0.6398270726203918,0.16526956856250763,0,0
3,LEFT_INDEX,0.4142773747444153,0.6154758930206299,0.27786701917648315,0,0
3,RIGHT_INDEX,0.4367397725582123,0.6289322972297668,0.16459299623966217,0,0
3,LEFT_THUMB,0.4154009521007538,0.6163469552993774,0.2629043161869049,0,0
3,RIGHT_THUMB,0.43615055084228516,0.6310649514198303,0.15499797463417053,0,0
3,LEFT_HIP,0.3971022069454193,0.7132202982902527,0.04668814316391945,0,0
3,RIGHT_HIP,0.41976264119148254,0.7144230008125305,-0.046956226229667664,0,0
3,LEFT_KNEE,0.3880983889102936,0.7912637591362,0.09460745006799698,0,0
3,RIGHT_KNEE,0.44483086466789246,0.7967076897621155,0.0002683283237274736,0,0
3,LEFT_ANKLE,0.3750194013118744,0.877483069896698,0.05842117592692375,0,0
3,RIGHT_ANKLE,0.43408456444740295,0.8957799673080444,-0.03229818120598793,0,0
3,LEFT_HEEL,0.37229812145233154,0.8923979997634888,0.054664891213178635,0,0
3,RIGHT_HEEL,0.4261743426322937,0.9128862619400024,-0.03287167847156525,0,0
3,LEFT_FOOT_INDEX,0.3773898482322693,0.8947314023971558,0.06005669757723808,0,0
3,RIGHT_FOOT_INDEX,0.45636168122291565,0.9122790098190308,-0.029512053355574608,0,0
4,NOSE,0.43005073070526123,0.5404112339019775,0.1445225179195404,0,0
4,LEFT_EYE_INNER,0.42743244767189026,0.5323824286460876,0.138947531580925,0,0
4,LEFT_EYE,0.42611202597618103,0.5320386290550232,0.13895182311534882,0,0
4,LEFT_EYE_OUTER,0.42488715052604675,0.5317720770835876,0.13894611597061157,0,0
4,RIGHT_EYE_INNER,0.4301925003528595,0.533050000667572,0.1279110312461853,0,0
4,RIGHT_EYE,0.4308660924434662,0.5331764817237854,0.12790000438690186,0,0
4,RIGHT_EYE_OUTER,0.4315117299556732,0.5332843065261841,0.1278453916311264,0,0
4,LEFT_EAR,0.42070960998535156,0.5358926653862,0.10937350243330002,0,0
4,RIGHT_EAR,0.42983371019363403,0.537686824798584,0.06092701479792595,0,0
4,MOUTH_LEFT,0.4278019666671753,0.546860933303833,0.1365451216697693,0,0
4,MOUTH_RIGHT,0.43044131994247437,0.5478212237358093,0.12241026759147644,0,0
4,LEFT_SHOULDER,0.40048784017562866,0.5780381560325623,0.1232639029622078,0,0
4,RIGHT_SHOULDER,0.4346623122692108,0.5869548916816711,-0.0035086290445178747,0,0
4,LEFT_ELBOW,0.401886910200119,0.641897439956665,0.17625579237937927,0,0
4,RIGHT_ELBOW,0.43863528966903687,0.6604309678077698,0.022762777283787727,0,0
4,LEFT_WRIST,0.41185614466667175,0.6622774004936218,0.23797668516635895,0,0
4,RIGHT_WRIST,0.4412761330604553,0.6502429246902466,0.09993802011013031,0,0
4,LEFT_PINKY,0.4123799204826355,0.668423056602478,0.25063982605934143,0,0
4,RIGHT_PINKY,0.44156414270401,0.648732602596283,0.1055062785744667,0,0
4,LEFT_INDEX,0.4160922169685364,0.6626681089401245,0.2466117888689041,0,0
4,RIGHT_INDEX,0.43735435605049133,0.6351895332336426,0.10710889846086502,0,0
4,LEFT_THUMB,0.417212575674057,0.660089373588562,0.2374885380268097,0,0
4,RIGHT_THUMB,0.4370465874671936,0.6397854685783386,0.10309639573097229,0,0
4,LEFT_HIP,0.39837032556533813,0.7132038474082947,0.0478987954556942,0,0
4,RIGHT_HIP,0.4207116961479187,0.7147489190101624,-0.04810133948922157,0,0
4,LEFT_KNEE,0.3905784785747528,0.7884426116943359,0.0996696949005127,0,0
4,RIGHT_KNEE,0.4469146430492401,0.7968422770500183,-0.009383585304021835,0,0
4,LEFT_ANKLE,0.3748816251754761,0.8726113438606262,0.05828525125980377,0,0
4,RIGHT_ANKLE,0.43436482548713684,0.8959330320358276,-0.05729270353913307,0,0
4,LEFT_HEEL,0.37121671438217163,0.8872460126876831,0.05331907421350479,0,0
4,RIGHT_HEEL,0.42614510655403137,0.9129600524902344,-0.06102192401885986,0,0
4,LEFT_FOOT_INDEX,0.37747877836227417,0.8926689624786377,0.051568660885095596,0,0
4,RIGHT_FOOT_INDEX,0.4563923478126526,0.9123868942260742,-0.06831173598766327,0,0
5,NOSE,0.4350675642490387,0.5469100475311279,0.13708680868148804,0,0
5,LEFT_EYE_INNER,0.43275168538093567,0.5391573309898376,0.13151775300502777,0,0
5,LEFT_EYE,0.4316369295120239,0.5387135148048401,0.131524458527565,0,0
5,LEFT_EYE_OUTER,0.430503785610199,0.5382281541824341,0.13152308762073517,0,0
5,RIGHT_EYE_INNER,0.43498867750167847,0.5396424531936646,0.1200830489397049,0,0
5,RIGHT_EYE,0.4354289174079895,0.5396168828010559,0.12007256597280502,0,0
5,RIGHT_EYE_OUTER,0.4357910454273224,0.539586067199707,0.12001903355121613,0,0
5,LEFT_EAR,0.42562538385391235,0.5407498478889465,0.10424964129924774,0,0
5,RIGHT_EAR,0.4333133101463318,0.5430522561073303,0.053214237093925476,0,0
5,MOUTH_LEFT,0.43244364857673645,0.553475022315979,0.12976036965847015,0,0
5,MOUTH_RIGHT,0.4346648156642914,0.5543580055236816,0.11517217755317688,0,0
5,LEFT_SHOULDER,0.40363186597824097,0.5823821425437927,0.12125091999769211,0,0
5,RIGHT_SHOULDER,0.43602418899536133,0.5904530882835388,-0.00941875297576189,0,0
5,LEFT_ELBOW,0.4040757417678833,0.6462616920471191,0.17699919641017914,0,0
5,RIGHT_ELBOW,0.4404729902744293,0.6646796464920044,0.014298585243523121,0,0
5,LEFT_WRIST,0.41379639506340027,0.6631981730461121,0.23987872898578644,0,0
5,RIGHT_WRIST,0.4425801932811737,0.6544093489646912,0.09428276121616364,0,0
5,LEFT_PINKY,0.4152149260044098,0.6724706292152405,0.2529790997505188,0,0
5,RIGHT_PINKY,0.4419022798538208,0.6554651260375977,0.10001223534345627,0,0
5,LEFT_INDEX,0.41890913248062134,0.6668084859848022,0.2488573044538498,0,0
5,RIGHT_INDEX,0.4391995072364807,0.6423178911209106,0.10086728632450104,0,0
5,LEFT_THUMB,0.4198331832885742,0.6643496751785278,0.23936085402965546,0,0
5,RIGHT_THUMB,0.438148558139801,0.6459227204322815,0.09738440066576004,0,0
5,LEFT_HIP,0.3996220529079437,0.7144348621368408,0.04954202473163605,0,0
5,RIGHT_HIP,0.42143356800079346,0.7179457545280457,-0.04970799386501312,0,0
5,LEFT_KNEE,0.39271867275238037,0.7876208424568176,0.10358097404241562,0,0
5,RIGHT_KNEE,0.4487875699996948,0.7975584268569946,-0.013265999034047127,0,0
5,LEFT_ANKLE,0.3747449517250061,0.8713087439537048,0.07892133295536041,0,0
5,RIGHT_ANKLE,0.4345901310443878,0.8972270488739014,-0.048827458173036575,0,0
5,LEFT_HEEL,0.3707762062549591,0.8860933184623718,0.07563989609479904,0,0
5,RIGHT_HEEL,0.4261515438556671,0.9151287078857422,-0.0511663556098938,0,0
5,LEFT_FOOT_INDEX,0.3782288134098053,0.8915016055107117,0.07539074867963791,0,0
5,RIGHT_FOOT_INDEX,0.45679184794425964,0.9126017689704895,-0.05685453116893768,0,0
6,NOSE,0.4372301399707794,0.5517009496688843,0.1345730572938919,0,0
6,LEFT_EYE_INNER,0.43487364053726196,0.5437082052230835,0.1301550418138504,0,0
6,LEFT_EYE,0.4337173402309418,0.543266773223877,0.130158931016922,0,0
6,LEFT_EYE_OUTER,0.43253353238105774,0.5427745580673218,0.13015276193618774,0,0
6,RIGHT_EYE_INNER,0.4371972382068634,0.5441221594810486,0.11834240704774857,0,0
6,RIGHT_EYE,0.43764299154281616,0.5440562963485718,0.11833258718252182,0,0
6,RIGHT_EYE_OUTER,0.43800467252731323,0.5439915060997009,0.1182805523276329,0,0
6,LEFT_EAR,0.427837073802948,0.5455617904663086,0.10743281245231628,0,0
6,RIGHT_EAR,0.43548113107681274,0.5479066371917725,0.05435078591108322,0,0
6,MOUTH_LEFT,0.4343778192996979,0.5582185387611389,0.12859371304512024,0,0
6,MOUTH_RIGHT,0.4365514814853668,0.5591250658035278,0.11341719329357147,0,0
6,LEFT_SHOULDER,0.40576931834220886,0.5865663886070251,0.12714238464832306,0,0
6,RIGHT_SHOULDER,0.4374137818813324,0.5950831174850464,-0.009576951153576374,0,0
6,LEFT_ELBOW,0.40501949191093445,0.6507533192634583,0.18639878928661346,0,0
6,RIGHT_ELBOW,0.4415006935596466,0.6707206964492798,-0.005075890105217695,0,0
6,LEFT_WRIST,0.41590988636016846,0.6647443771362305,0.24766212701797485,0,0
6,RIGHT_WRIST,0.4471909701824188,0.6579006910324097,0.04457954689860344,0,0
6,LEFT_PINKY,0.4197358787059784,0.6748297810554504,0.2637369930744171,0,0
6,RIGHT_PINKY,0.44932302832603455,0.653844952583313,0.04653003439307213,0,0
6,LEFT_INDEX,0.4241616129875183,0.6693289279937744,0.26034682989120483,0,0
6,RIGHT_INDEX,0.44784802198410034,0.6473506093025208,0.04995742067694664,0,0
6,LEFT_THUMB,0.4247700870037079,0.6673582196235657,0.24870441854000092,0,0
6,RIGHT_THUMB,0.44604653120040894,0.6479383111000061,0.04803783819079399,0,0
6,LEFT_HIP,0.4006056487560272,0.7159327268600464,0.04987480118870735,0,0
6,RIGHT_HIP,0.4225939214229584,0.7201775312423706,-0.0500296950340271,0,0
6,LEFT_KNEE,0.3944767713546753,0.7879136204719543,0.0979905053973198,0,0
6,RIGHT_KNEE,0.45062896609306335,0.7993719577789307,-0.024519767612218857,0,0
6,LEFT_ANKLE,0.37492799758911133,0.8726933002471924,0.05181386321783066,0,0
6,RIGHT_ANKLE,0.43512389063835144,0.8974761962890625,-0.0751417949795723,0,0
6,LEFT_HEEL,0.3713245987892151,0.887524425983429,0.04589356482028961,0,0
6,RIGHT_HEEL,0.4264516532421112,0.9150485992431641,-0.07936539500951767,0,0
6,LEFT_FOOT_INDEX,0.3793409466743469,0.8915883898735046,0.042382121086120605,0,0
6,RIGHT_FOOT_INDEX,0.4569057524204254,0.9126299023628235,-0.08570501953363419,0,0
7,NOSE,0.43653979897499084,0.5509416460990906,0.13248510658740997,0,0
7,LEFT_EYE_INNER,0.43396350741386414,0.5427284240722656,0.1262359321117401,0,0
7,LEFT_EYE,0.4327014982700348,0.542267918586731,0.12624520063400269,0,0
7,LEFT_EYE_OUTER,0.4315278232097626,0.5418561697006226,0.12623825669288635,0,0
7,RIGHT_EYE_INNER,0.4366973638534546,0.5434960126876831,0.1154465302824974,0,0
7,RIGHT_EYE,0.4372875988483429,0.5435739159584045,0.11544353514909744,0,0
7,RIGHT_EYE_OUTER,0.4378269910812378,0.5436559319496155,0.11539140343666077,0,0
7,LEFT_EAR,0.42729318141937256,0.5455479025840759,0.09944639354944229,0,0
7,RIGHT_EAR,0.4359081983566284,0.5479873418807983,0.0504310168325901,0,0
7,MOUTH_LEFT,0.43396222591400146,0.5577226877212524,0.12500526010990143,0,0
7,MOUTH_RIGHT,0.436543345451355,0.5589698553085327,0.11145774275064468,0,0
7,LEFT_SHOULDER,0.4070555567741394,0.5869306325912476,0.12037874758243561,0,0
7,RIGHT_SHOULDER,0.43781182169914246,0.5967736840248108,-0.010585214011371136,0,0
7,LEFT_ELBOW,0.40814509987831116,0.6507018208503723,0.18390709161758423,0,0
7,RIGHT_ELBOW,0.44204604625701904,0.6730985641479492,-0.004980264697223902,0,0
7,LEFT_WRIST,0.4234691858291626,0.6682551503181458,0.24015383422374725,0,0
7,RIGHT_WRIST,0.4482402205467224,0.6593968272209167,0.05565039813518524,0,0
7,LEFT_PINKY,0.42605751752853394,0.6737694144248962,0.2543128430843353,0,0
7,RIGHT_PINKY,0.4516903758049011,0.6540966033935547,0.05900931730866432,0,0
7,LEFT_INDEX,0.4307098984718323,0.6679865717887878,0.24803072214126587,0,0
7,RIGHT_INDEX,0.44987910985946655,0.6484825611114502,0.06189223751425743,0,0
7,LEFT_THUMB,0.4311070740222931,0.6659935712814331,0.2390083223581314,0,0
7,RIGHT_THUMB,0.44857102632522583,0.648230791091919,0.059055451303720474,0,0
7,LEFT_HIP,0.401260107755661,0.7167865037918091,0.04986013099551201,0,0
7,RIGHT_HIP,0.4233221709728241,0.7216749787330627,-0.05000939220190048,0,0
7,LEFT_KNEE,0.39498892426490784,0.7880576252937317,0.09847620129585266,0,0
7,RIGHT_KNEE,0.451349139213562,0.8006796836853027,-0.027601808309555054,0,0
7,LEFT_ANKLE,0.37505975365638733,0.8735238909721375,0.05523032322525978,0,0
7,RIGHT_ANKLE,0.4352246820926666,0.8975684642791748,-0.07560786604881287,0,0
7,LEFT_HEEL,0.37158331274986267,0.8883609771728516,0.04999741166830063,0,0
7,RIGHT_HEEL,0.4265599250793457,0.9150169491767883,-0.07941854745149612,0,0
7,LEFT_FOOT_INDEX,0.3796080946922302,0.8916531801223755,0.046629372984170914,0,0
7,RIGHT_FOOT_INDEX,0.45691677927970886,0.9126441478729248,-0.08591394126415253,0,0
8,NOSE,0.43809619545936584,0.5534182190895081,0.12431591004133224,0,0
8,LEFT_EYE_INNER,0.4356071650981903,0.5450221300125122,0.12022121250629425,0,0
8,LEFT_EYE,0.4343115985393524,0.5444691181182861,0.12022507935762405,0,0
8,LEFT_EYE_OUTER,0.4331125020980835,0.5439664125442505,0.12021706998348236,0,0
8,RIGHT_EYE_INNER,0.43820512294769287,0.5458307266235352,0.10778271406888962,0,0
8,RIGHT_EYE,0.4387950897216797,0.5459033250808716,0.10777228325605392,0,0
8,RIGHT_EYE_OUTER,0.4393579065799713,0.5459812879562378,0.10772385448217392,0,0
8,LEFT_EAR,0.4289976954460144,0.5475450158119202,0.09522774070501328,0,0
8,RIGHT_EAR,0.437285840511322,0.5501078367233276,0.043318670243024826,0,0
8,MOUTH_LEFT,0.43544134497642517,0.560217559337616,0.11922793090343475,0,0
8,MOUTH_RIGHT,0.43802228569984436,0.5615074038505554,0.10327151417732239,0,0
8,LEFT_SHOULDER,0.40827029943466187,0.5893250703811646,0.11751064658164978,0,0
8,RIGHT_SHOULDER,0.43882110714912415,0.59992915391922,-0.02003955841064453,0,0
8,LEFT_ELBOW,0.4085986316204071,0.6529589891433716,0.17799519002437592,0,0
8,RIGHT_ELBOW,0.44196617603302,0.6771795749664307,-0.01332287397235632,0,0
8,LEFT_WRIST,0.42541778087615967,0.6734634041786194,0.22740134596824646,0,0
8,RIGHT_WRIST,0.4498736262321472,0.6670194864273071,0.040516652166843414,0,0
8,LEFT_PINKY,0.4283922016620636,0.6787688732147217,0.23991639912128448,0,0
8,RIGHT_PINKY,0.45449593663215637,0.6596691012382507,0.04243778437376022,0,0
8,LEFT_INDEX,0.433352530002594,0.6734101176261902,0.23342818021774292,0,0
8,RIGHT_INDEX,0.4524149000644684,0.6553229689598083,0.045146964490413666,0,0
8,LEFT_THUMB,0.43340301513671875,0.6713637113571167,0.22572322189807892,0,0
8,RIGHT_THUMB,0.45044857263565063,0.6556472182273865,0.04369237273931503,0,0
8,LEFT_HIP,0.40186193585395813,0.7196182608604431,0.050768621265888214,0,0
8,RIGHT_HIP,0.4234622120857239,0.7246144413948059,-0.05090407654643059,0,0
8,LEFT_KNEE,0.3949741721153259,0.7920690178871155,0.10748549550771713,0,0
8,RIGHT_KNEE,0.45236703753471375,0.8014016151428223,-0.02330857142806053,0,0
8,LEFT_ANKLE,0.37516355514526367,0.8766352534294128,0.0867830142378807,0,0
8,RIGHT_ANKLE,0.43539154529571533,0.897792398929596,-0.07392779737710953,0,0
8,LEFT_HEEL,0.3716082274913788,0.8910835385322571,0.08405794203281403,0,0
8,RIGHT_HEEL,0.42672884464263916,0.9152094125747681,-0.0769171267747879,0,0
8,LEFT_FOOT_INDEX,0.3805921971797943,0.892125129699707,0.08273425698280334,0,0
8,RIGHT_FOOT_INDEX,0.45686212182044983,0.9126695394515991,-0.07210399210453033,0,0
9,NOSE,0.44130223989486694,0.5572375059127808,0.11906182020902634,0,0
9,LEFT_EYE_INNER,0.43874257802963257,0.5488719344139099,0.11588471382856369,0,0
9,LEFT_EYE,0.43755143880844116,0.548364520072937,0.11588337272405624,0,0
9,LEFT_EYE_OUTER,0.43632885813713074,0.547808825969696,0.11587584018707275,0,0
9,RIGHT_EYE_INNER,0.44087255001068115,0.549485981464386,0.10287845879793167,0,0
9,RIGHT_EYE,0.44126075506210327,0.5495220422744751,0.10286497324705124,0,0
9,RIGHT_EYE_OUTER,0.4416072964668274,0.5495412349700928,0.10281287878751755,0,0
9,LEFT_EAR,0.43124404549598694,0.5508651733398438,0.09396734833717346,0,0
9,RIGHT_EAR,0.43861401081085205,0.5529472827911377,0.03909572213888168,0,0
9,MOUTH_LEFT,0.43830910325050354,0.564075767993927,0.11487115919589996,0,0
9,MOUTH_RIGHT,0.44059479236602783,0.5651258230209351,0.09810778498649597,0,0
9,LEFT_SHOULDER,0.4096485376358032,0.5910680294036865,0.11723974347114563,0,0
9,RIGHT_SHOULDER,0.4395959675312042,0.6031428575515747,-0.02439827471971512,0,0
9,LEFT_ELBOW,0.40934374928474426,0.653310239315033,0.1722841113805771,0,0
9,RIGHT_ELBOW,0.4422622323036194,0.6789749264717102,-0.015001923777163029,0,0
9,LEFT_WRIST,0.42664068937301636,0.6823133826255798,0.2159673273563385,0,0
9,RIGHT_WRIST,0.45164525508880615,0.6690486669540405,0.04572732001543045,0,0
9,LEFT_PINKY,0.42965325713157654,0.6888833045959473,0.22778001427650452,0,0
9,RIGHT_PINKY,0.4571995735168457,0.6625556945800781,0.047986920922994614,0,0
9,LEFT_INDEX,0.43421778082847595,0.6851494908332825,0.22098782658576965,0,0
9,RIGHT_INDEX,0.4545353949069977,0.6581357717514038,0.04987819865345955,0,0
9,LEFT_THUMB,0.43402111530303955,0.6828625202178955,0.21395061910152435,0,0
9,RIGHT_THUMB,0.4529663920402527,0.6584057807922363,0.048741333186626434,0,0
9,LEFT_HIP,0.4020000398159027,0.7213991284370422,0.05121627077460289,0,0
9,RIGHT_HIP,0.42357975244522095,0.7269891500473022,-0.05135451629757881,0,0
9,LEFT_KNEE,0.3950052261352539,0.7956097722053528,0.10405530780553818,0,0
9,RIGHT_KNEE,0.45255139470100403,0.8019125461578369,-0.02864377573132515,0,0
9,LEFT_ANKLE,0.3751755356788635,0.8783255219459534,0.08285895735025406,0,0
9,RIGHT_ANKLE,0.43579450249671936,0.8978756666183472,-0.06180507689714432,0,0
9,LEFT_HEEL,0.37170371413230896,0.8925299048423767,0.07988914102315903,0,0
9,RIGHT_HEEL,0.4271344840526581,0.9151903390884399,-0.06384910643100739,0,0
9,LEFT_FOOT_INDEX,0.38007238507270813,0.8934198617935181,0.07724709063768387,0,0
9,RIGHT_FOOT_INDEX,0.4568600356578827,0.9130256175994873,-0.06609123200178146,0,0
10,NOSE,0.4404269754886627,0.5572954416275024,0.11534658074378967,0,0
10,LEFT_EYE_INNER,0.4379243850708008,0.54864901304245,0.11051992326974869,0,0
10,LEFT_EYE,0.43666326999664307,0.5481093525886536,0.11052379012107849,0,0
10,LEFT_EYE_OUTER,0.43540146946907043,0.5475829243659973,0.11051637679338455,0,0
10,RIGHT_EYE_INNER,0.44070199131965637,0.5496390461921692,0.09852917492389679,0,0
10,RIGHT_EYE,0.44128116965293884,0.5498000979423523,0.09851573407649994,0,0
10,RIGHT_EYE_OUTER,0.44179806113243103,0.5499390959739685,0.09846745431423187,0,0
10,LEFT_EAR,0.43075206875801086,0.5512221455574036,0.08666691929101944,0,0
10,RIGHT_EAR,0.4394012987613678,0.5538591742515564,0.0334385447204113,0,0
10,MOUTH_LEFT,0.4373570680618286,0.5641058683395386,0.10969206690788269,0,0
10,MOUTH_RIGHT,0.44004473090171814,0.5653939843177795,0.09419315308332443,0,0
10,LEFT_SHOULDER,0.41011351346969604,0.5919970870018005,0.11058395355939865,0,0
10,RIGHT_SHOULDER,0.4401387572288513,0.6048458218574524,-0.027669180184602737,0,0
10,LEFT_ELBOW,0.40965768694877625,0.6544049978256226,0.1623397022485733,0,0
10,RIGHT_ELBOW,0.44207361340522766,0.681943953037262,-0.011067123152315617,0,0
10,LEFT_WRIST,0.42837366461753845,0.6819157004356384,0.20698247849941254,0,0
10,RIGHT_WRIST,0.45181038975715637,0.6699333190917969,0.05653036758303642,0,0
10,LEFT_PINKY,0.4316858947277069,0.6877925395965576,0.2186414748430252,0,0
10,RIGHT_PINKY,0.4576224386692047,0.6646209359169006,0.06011318042874336,0,0
10,LEFT_INDEX,0.4363724887371063,0.6838874816894531,0.2116999626159668,0,0
10,RIGHT_INDEX,0.4553017020225525,0.6604906916618347,0.06181936711072922,0,0
10,LEFT_THUMB,0.4360576272010803,0.6818209886550903,0.20491313934326172,0,0
10,RIGHT_THUMB,0.4533158838748932,0.6603701710700989,0.05957392603158951,0,0
10,LEFT_HIP,0.4023185968399048,0.7225238084793091,0.05087573826313019,0,0
10,RIGHT_HIP,0.4236310124397278,0.7281699180603027,-0.051021508872509,0,0
10,LEFT_KNEE,0.39510250091552734,0.7975708842277527,0.10396282374858856,0,0
10,RIGHT_KNEE,0.45258066058158875,0.8024291396141052,-0.026942504569888115,0,0
10,LEFT_ANKLE,0.3752935230731964,0.879607617855072,0.08404826372861862,0,0
10,RIGHT_ANKLE,0.4360828399658203,0.8979238271713257,-0.043164558708667755,0,0
10,LEFT_HEEL,0.37196022272109985,0.8935157060623169,0.08158207684755325,0,0
10,RIGHT_HEEL,0.4278187155723572,0.915155291557312,-0.043728191405534744,0,0
10,LEFT_FOOT_INDEX,0.3788224756717682,0.8945627808570862,0.0792481079697609,0,0
10,RIGHT_FOOT_INDEX,0.4570524990558624,0.9129093885421753,-0.04722770303487778,0,0
11,NOSE,0.44130581617355347,0.5587104558944702,0.10540059208869934,0,0
11,LEFT_EYE_INNER,0.438958078622818,0.5493409037590027,0.10192015767097473,0,0
11,LEFT_EYE,0.4377228915691376,0.5487169027328491,0.10191842913627625,0,0
11,LEFT_EYE_OUTER,0.43648475408554077,0.5481259822845459,0.10190761834383011,0,0
11,RIGHT_EYE_INNER,0.44155412912368774,0.5504867434501648,0.08878641575574875,0,0
11,RIGHT_EYE,0.44205987453460693,0.5506613850593567,0.08877349644899368,0,0
11,RIGHT_EYE_OUTER,0.442494660615921,0.5508103370666504,0.08872184157371521,0,0
11,LEFT_EAR,0.43159881234169006,0.5516396760940552,0.08363544940948486,0,0
11,RIGHT_EAR,0.4398616850376129,0.5544308423995972,0.025128573179244995,0,0
11,MOUTH_LEFT,0.4381324052810669,0.5653601288795471,0.10167140513658524,0,0
11,MOUTH_RIGHT,0.44059932231903076,0.5666705369949341,0.08465565741062164,0,0
11,LEFT_SHOULDER,0.41031530499458313,0.5915212631225586,0.11004196852445602,0,0
11,RIGHT_SHOULDER,0.44000479578971863,0.604850172996521,-0.03545721620321274,0,0
11,LEFT_ELBOW,0.4101906716823578,0.6536551713943481,0.164778470993042,0,0
11,RIGHT_ELBOW,0.44188594818115234,0.680572509765625,-0.028545791283249855,0,0
11,LEFT_WRIST,0.43003126978874207,0.6772251129150391,0.20941461622714996,0,0
11,RIGHT_WRIST,0.4521753489971161,0.6712743639945984,0.024944128468632698,0,0
11,LEFT_PINKY,0.43401411175727844,0.6821070313453674,0.22068563103675842,0,0
11,RIGHT_PINKY,0.4587400555610657,0.665916383266449,0.025850171223282814,0,0
11,LEFT_INDEX,0.4388231337070465,0.6775583624839783,0.21320560574531555,0,0
11,RIGHT_INDEX,0.45624637603759766,0.661912202835083,0.02789333090186119,0,0
11,LEFT_THUMB,0.438296914100647,0.6759445667266846,0.20697619020938873,0,0
11,RIGHT_THUMB,0.45435982942581177,0.6619829535484314,0.02781543880701065,0,0
11,LEFT_HIP,0.40231430530548096,0.722354531288147,0.051306966692209244,0,0
11,RIGHT_HIP,0.4237438142299652,0.7275751233100891,-0.05143582448363304,0,0
11,LEFT_KNEE,0.3953101336956024,0.7980589270591736,0.10221070796251297,0,0
11,RIGHT_KNEE,0.4521801769733429,0.8022308945655823,-0.03329271823167801,0,0
11,LEFT_ANKLE,0.3753066956996918,0.880306601524353,0.0875127762556076,0,0
11,RIGHT_ANKLE,0.4361325204372406,0.8979765176773071,-0.05482136458158493,0,0
11,LEFT_HEEL,0.372052937746048,0.8945643305778503,0.0855795368552208,0,0
11,RIGHT_HEEL,0.4279722273349762,0.9151114225387573,-0.05572133511304855,0,0
11,LEFT_FOOT_INDEX,0.37917768955230713,0.8945959806442261,0.08230778574943542,0,0
11,RIGHT_FOOT_INDEX,0.4570695459842682,0.9129053354263306,-0.062429096549749374,0,0
12,NOSE,0.4419303238391876,0.5586110949516296,0.09084919840097427,0,0
12,LEFT_EYE_INNER,0.43952539563179016,0.5490499138832092,0.08736185729503632,0,0
12,LEFT_EYE,0.43832987546920776,0.5484316945075989,0.08736073970794678,0,0
12,LEFT_EYE_OUTER,0.4371110498905182,0.5478447079658508,0.08734993636608124,0,0
12,RIGHT_EYE_INNER,0.4419611096382141,0.5502978563308716,0.07390988618135452,0,0
12,RIGHT_EYE,0.4424305558204651,0.5505322217941284,0.07390090823173523,0,0
12,RIGHT_EYE_OUTER,0.4428141713142395,0.5507293939590454,0.07385344058275223,0,0
12,LEFT_EAR,0.43227890133857727,0.5514112710952759,0.07129158824682236,0,0
12,RIGHT_EAR,0.4399561882019043,0.5541679859161377,0.011135145090520382,0,0
12,MOUTH_LEFT,0.4387672245502472,0.565350353717804,0.08801191300153732,0,0
12,MOUTH_RIGHT,0.4411650002002716,0.5666102766990662,0.07061582058668137,0,0
12,LEFT_SHOULDER,0.4109666049480438,0.5911590456962585,0.10214460641145706,0,0
12,RIGHT_SHOULDER,0.43991437554359436,0.604550302028656,-0.046330999583005905,0,0
12,LEFT_ELBOW,0.41131818294525146,0.6527002453804016,0.16400957107543945,0,0
12,RIGHT_ELBOW,0.44166067242622375,0.679107129573822,-0.029837241396307945,0,0
12,LEFT_WRIST,0.4364096224308014,0.6751286387443542,0.20934103429317474,0,0
12,RIGHT_WRIST,0.45133718848228455,0.6715599894523621,0.03700957074761391,0,0
12,LEFT_PINKY,0.44170981645584106,0.6788783669471741,0.22000673413276672,0,0
12,RIGHT_PINKY,0.4576459228992462,0.6665851473808289,0.03919564187526703,0,0
12,LEFT_INDEX,0.4462510049343109,0.6741529107093811,0.21200013160705566,0,0
12,RIGHT_INDEX,0.45580920577049255,0.6621881127357483,0.04006404057145119,0,0
12,LEFT_THUMB,0.44521647691726685,0.6748336553573608,0.20655332505702972,0,0
12,RIGHT_THUMB,0.4536247253417969,0.6621001958847046,0.03978799283504486,0,0
12,LEFT_HIP,0.4024835526943207,0.7222968935966492,0.05149814113974571,0,0
12,RIGHT_HIP,0.42389342188835144,0.7272300124168396,-0.051624275743961334,0,0
12,LEFT_KNEE,0.395526260137558,0.7983705997467041,0.10874293744564056,0,0
12,RIGHT_KNEE,0.4519796669483185,0.8022964000701904,-0.029202163219451904,0,0
12,LEFT_ANKLE,0.37530648708343506,0.880523145198822,0.10909664630889893,0,0
12,RIGHT_ANKLE,0.43622347712516785,0.8980503678321838,-0.04200267046689987,0,0
12,LEFT_HEEL,0.37204551696777344,0.8948307037353516,0.10898612439632416,0,0
12,RIGHT_HEEL,0.42832595109939575,0.9151013493537903,-0.04157103970646858,0,0
12,LEFT_FOOT_INDEX,0.37976691126823425,0.8947039246559143,0.10723961144685745,0,0
12,RIGHT_FOOT_INDEX,0.4570704400539398,0.9129977226257324,-0.04762282222509384,0,0
13,NOSE,0.4417707026004791,0.5579531788825989,0.07199233025312424,0,0
13,LEFT_EYE_INNER,0.4392574727535248,0.5484635233879089,0.0676201730966568,0,0
13,LEFT_EYE,0.43810203671455383,0.5478796362876892,0.06762988120317459,0,0
13,LEFT_EYE_OUTER,0.43689870834350586,0.5473313927650452,0.06762455403804779,0,0
13,RIGHT_EYE_INNER,0.4415697753429413,0.549470841884613,0.05438007786870003,0,0
13,RIGHT_EYE,0.44205042719841003,0.5496162176132202,0.05437339097261429,0,0
13,RIGHT_EYE_OUTER,0.4424660801887512,0.549748420715332,0.054329488426446915,0,0
13,LEFT_EAR,0.43232738971710205,0.5507709980010986,0.05227169021964073,0,0
13,RIGHT_EAR,0.4396284520626068,0.553248405456543,-0.006699082441627979,0,0
13,MOUTH_LEFT,0.43862926959991455,0.5642341375350952,0.06997661292552948,0,0
13,MOUTH_RIGHT,0.44098231196403503,0.5654574036598206,0.052901219576597214,0,0
13,LEFT_SHOULDER,0.4114188551902771,0.5906486511230469,0.09017698466777802,0,0
13,RIGHT_SHOULDER,0.43969669938087463,0.6036736369132996,-0.0599173903465271,0,0
13,LEFT_ELBOW,0.4117392599582672,0.6532260179519653,0.16276584565639496,0,0
13,RIGHT_ELBOW,0.4413009285926819,0.6777768135070801,-0.03234170749783516,0,0
13,LEFT_WRIST,0.44096288084983826,0.6537015438079834,0.2103133350610733,0,0
13,RIGHT_WRIST,0.45098966360092163,0.6690291166305542,0.04793049022555351,0,0
13,LEFT_PINKY,0.447229266166687,0.6517751812934875,0.22130100429058075,0,0
13,RIGHT_PINKY,0.45717427134513855,0.6644477844238281,0.051533401012420654,0,0
13,LEFT_INDEX,0.4467166066169739,0.651653528213501,0.21325701475143433,0,0
13,RIGHT_INDEX,0.4551747143268585,0.6592761874198914,0.051854830235242844,0,0
13,LEFT_THUMB,0.450356125831604,0.6478319764137268,0.2075546830892563,0,0
13,RIGHT_THUMB,0.4529951214790344,0.65934818983078,0.05094478651881218,0,0
13,LEFT_HIP,0.4023793637752533,0.7222552299499512,0.051465630531311035,0,0
13,RIGHT_HIP,0.4242818057537079,0.7268341183662415,-0.05159483850002289,0,0
13,LEFT_KNEE,0.3956281244754791,0.7980478405952454,0.11391478031873703,0,0
13,RIGHT_KNEE,0.4518726170063019,0.8021950721740723,-0.023813771083950996,0,0
13,LEFT_ANKLE,0.3753281235694885,0.8805233836174011,0.12364080548286438,0,0
13,RIGHT_ANKLE,0.43626701831817627,0.898090124130249,-0.021169863641262054,0,0
13,LEFT_HEEL,0.3720504343509674,0.8949574828147888,0.12477155774831772,0,0
13,RIGHT_HEEL,0.4285750687122345,0.9150489568710327,-0.01959429308772087,0,0
13,LEFT_FOOT_INDEX,0.3800505995750427,0.8947885036468506,0.12438032031059265,0,0
13,RIGHT_FOOT_INDEX,0.4568747580051422,0.9131420850753784,-0.02481909468770027,0,0
14,NOSE,0.44106966257095337,0.5534670948982239,0.06686604768037796,0,0
14,LEFT_EYE_INNER,0.4384242296218872,0.5445877313613892,0.06329856067895889,0,0
14,LEFT_EYE,0.43722841143608093,0.5440373420715332,0.06330770999193192,0,0
14,LEFT_EYE_OUTER,0.43601423501968384,0.5435996055603027,0.06330045312643051,0,0
14,RIGHT_EYE_INNER,0.44077378511428833,0.5458001494407654,0.049276310950517654,0,0
14,RIGHT_EYE,0.44124534726142883,0.5460904240608215,0.04926629364490509,0,0
14,RIGHT_EYE_OUTER,0.44166579842567444,0.5464215278625488,0.049218907952308655,0,0
14,LEFT_EAR,0.43150079250335693,0.547904908657074,0.05154981091618538,0,0
14,RIGHT_EAR,0.43895789980888367,0.5505211353302002,-0.010675488039851189,0,0
14,MOUTH_LEFT,0.4379177391529083,0.5613078474998474,0.06619468331336975,0,0
14,MOUTH_RIGHT,0.44030413031578064,0.562450647354126,0.04813552647829056,0,0
14,LEFT_SHOULDER,0.4111997187137604,0.5887772440910339,0.09229452908039093,0,0
14,RIGHT_SHOULDER,0.43948957324028015,0.6031801700592041,-0.06419335305690765,0,0
14,LEFT_ELBOW,0.4121788442134857,0.652752697467804,0.1639362871646881,0,0
14,RIGHT_ELBOW,0.4402797520160675,0.6765246391296387,-0.036852188408374786,0,0
14,LEFT_WRIST,0.4410509467124939,0.6440219283103943,0.20929266512393951,0,0
14,RIGHT_WRIST,0.450778067111969,0.6643939018249512,0.047830190509557724,0,0
14,LEFT_PINKY,0.4472399652004242,0.6414741277694702,0.21992658078670502,0,0
14,RIGHT_PINKY,0.45729267597198486,0.6582273244857788,0.05158513784408569,0,0
14,LEFT_INDEX,0.4506113827228546,0.6364737749099731,0.21303926408290863,0,0
14,RIGHT_INDEX,0.45534828305244446,0.6535490155220032,0.05166641250252724,0,0
14,LEFT_THUMB,0.4499439299106598,0.6369860768318176,0.20679454505443573,0,0
14,RIGHT_THUMB,0.4529745280742645,0.6536591649055481,0.050985854119062424,0,0
14,LEFT_HIP,0.40223267674446106,0.7200683355331421,0.052239254117012024,0,0
14,RIGHT_HIP,0.42417702078819275,0.7247088551521301,-0.05235039442777634,0,0
14,LEFT_KNEE,0.3955385088920593,0.7979253530502319,0.11976706981658936,0,0
14,RIGHT_KNEE,0.4509522616863251,0.8011541366577148,-0.024214595556259155,0,0
14,LEFT_ANKLE,0.37525588274002075,0.8806312084197998,0.1440201699733734,0,0
14,RIGHT_ANKLE,0.43626004457473755,0.8983215689659119,-0.019200634211301804,0,0
14,LEFT_HEEL,0.37181201577186584,0.8953102827072144,0.1464400738477707,0,0
14,RIGHT_HEEL,0.42855969071388245,0.9150558114051819,-0.017576949670910835,0,0
14,LEFT_FOOT_INDEX,0.3807775676250458,0.8948272466659546,0.14722543954849243,0,0
14,RIGHT_FOOT_INDEX,0.45664724707603455,0.9131426215171814,-0.02380491979420185,0,0
15,NOSE,0.44091713428497314,0.5466698408126831,0.06084635481238365,0,0
15,LEFT_EYE_INNER,0.43808242678642273,0.53841233253479,0.05715560540556908,0,0
15,LEFT_EYE,0.4368949234485626,0.5379298329353333,0.05716551095247269,0,0
15,LEFT_EYE_OUTER,0.4356837570667267,0.537597119808197,0.05716104805469513,0,0
15,RIGHT_EYE_INNER,0.44034236669540405,0.539682924747467,0.04305442050099373,0,0
15,RIGHT_EYE,0.44078120589256287,0.5400455594062805,0.043046291917562485,0,0
15,RIGHT_EYE_OUTER,0.44119203090667725,0.5404461622238159,0.043006181716918945,0,0
15,LEFT_EAR,0.43108004331588745,0.542352557182312,0.046768080443143845,0,0
15,RIGHT_EAR,0.43856334686279297,0.5450819730758667,-0.016135727986693382,0,0
15,MOUTH_LEFT,0.4378456473350525,0.5554534196853638,0.060677945613861084,0,0
15,MOUTH_RIGHT,0.43999430537223816,0.55656498670578,0.04246197268366814,0,0
15,LEFT_SHOULDER,0.41153982281684875,0.5840187072753906,0.08919306844472885,0,0
15,RIGHT_SHOULDER,0.43861719965934753,0.5987758636474609,-0.06863079220056534,0,0
15,LEFT_ELBOW,0.41377702355384827,0.6490951180458069,0.15063533186912537,0,0
15,RIGHT_ELBOW,0.438690721988678,0.6705681085586548,-0.04126942157745361,0,0
15,LEFT_WRIST,0.44403988122940063,0.6383317112922668,0.17862148582935333,0,0
15,RIGHT_WRIST,0.45075446367263794,0.6591262817382812,0.04569011181592941,0,0
15,LEFT_PINKY,0.4510822892189026,0.6349000334739685,0.18596743047237396,0,0
15,RIGHT_PINKY,0.45750564336776733,0.6531256437301636,0.048977259546518326,0,0
15,LEFT_INDEX,0.45511654019355774,0.6287851929664612,0.1794731467962265,0,0
15,RIGHT_INDEX,0.4558183550834656,0.6469067335128784,0.049214404076337814,0,0
15,LEFT_THUMB,0.4533202350139618,0.6302671432495117,0.17564286291599274,0,0
15,RIGHT_THUMB,0.4532643258571625,0.6473965644836426,0.04894619807600975,0,0
15,LEFT_HIP,0.40190497040748596,0.7155935764312744,0.05230804532766342,0,0
15,RIGHT_HIP,0.4236496090888977,0.7202772498130798,-0.05240127816796303,0,0
15,LEFT_KNEE,0.3954440653324127,0.796997606754303,0.11720872670412064,0,0
15,RIGHT_KNEE,0.4491890072822571,0.7993132472038269,-0.024179600179195404,0,0
15,LEFT_ANKLE,0.37519294023513794,0.8806291818618774,0.13913574814796448,0,0
15,RIGHT_ANKLE,0.4362023174762726,0.8983157873153687,-0.014401913620531559,0,0
15,LEFT_HEEL,0.3717089891433716,0.8955144882202148,0.14121630787849426,0,0
15,RIGHT_HEEL,0.4285430908203125,0.9150367975234985,-0.012684088200330734,0,0
15,LEFT_FOOT_INDEX,0.38090091943740845,0.8949108123779297,0.1411626935005188,0,0
15,RIGHT_FOOT_INDEX,0.4563789963722229,0.9131791591644287,-0.018103694543242455,0,0
16,NOSE,0.441219687461853,0.5418932437896729,0.034211207181215286,0,0
16,LEFT_EYE_INNER,0.4381624758243561,0.5335308313369751,0.03261037915945053,0,0
16,LEFT_EYE,0.43696823716163635,0.5330729484558105,0.03261559456586838,0,0
16,LEFT_EYE_OUTER,0.43575814366340637,0.532734751701355,0.032612644135951996,0,0
16,RIGHT_EYE_INNER,0.44024965167045593,0.5346862077713013,0.016562139615416527,0,0
16,RIGHT_EYE,0.4405951201915741,0.5349748134613037,0.01656152680516243,0,0
16,RIGHT_EYE_OUTER,0.4409370720386505,0.535319983959198,0.01653282903134823,0,0
16,LEFT_EAR,0.43096646666526794,0.5369017124176025,0.03369460999965668,0,0
16,RIGHT_EAR,0.4383511245250702,0.5394623875617981,-0.03813592344522476,0,0
16,MOUTH_LEFT,0.4381611943244934,0.5499864220619202,0.03822445869445801,0,0
16,MOUTH_RIGHT,0.44001564383506775,0.5512894988059998,0.017403213307261467,0,0
16,LEFT_SHOULDER,0.4117532968521118,0.5791493654251099,0.08263180404901505,0,0
16,RIGHT_SHOULDER,0.43665748834609985,0.5922756195068359,-0.08666273951530457,0,0
16,LEFT_ELBOW,0.4145680069923401,0.6448925137519836,0.14097072184085846,0,0
16,RIGHT_ELBOW,0.43686792254447937,0.6639668345451355,-0.06968594342470169,0,0
16,LEFT_WRIST,0.4467138946056366,0.6380316615104675,0.16008023917675018,0,0
16,RIGHT_WRIST,0.45082888007164,0.6555401086807251,0.004783042706549168,0,0
16,LEFT_PINKY,0.4525412917137146,0.6322386860847473,0.16557535529136658,0,0
16,RIGHT_PINKY,0.4578137993812561,0.6490836143493652,0.003331497311592102,0,0
16,LEFT_INDEX,0.454032838344574,0.6287973523139954,0.15668968856334686,0,0
16,RIGHT_INDEX,0.4561484158039093,0.6423652172088623,0.005132481921464205,0,0
16,LEFT_THUMB,0.45661497116088867,0.629054605960846,0.1557740867137909,0,0
16,RIGHT_THUMB,0.45338377356529236,0.6435166597366333,0.008258176036179066,0,0
16,LEFT_HIP,0.40132057666778564,0.7117277383804321,0.05352644994854927,0,0
16,RIGHT_HIP,0.42280495166778564,0.7160553932189941,-0.0535750575363636,0,0
16,LEFT_KNEE,0.3953920602798462,0.7955631017684937,0.11779287457466125,0,0
16,RIGHT_KNEE,0.4472680687904358,0.7968658804893494,-0.021573936566710472,0,0
16,LEFT_ANKLE,0.375165730714798,0.8806713819503784,0.1530611217021942,0,0
16,RIGHT_ANKLE,0.4361860454082489,0.8970308899879456,0.009104076772928238,0,0
16,LEFT_HEEL,0.3717229962348938,0.8957297205924988,0.1564638912677765,0,0
16,RIGHT_HEEL,0.42852216958999634,0.914037823677063,0.012800132855772972,0,0
16,LEFT_FOOT_INDEX,0.3809352219104767,0.8951593637466431,0.15618576109409332,0,0
16,RIGHT_FOOT_INDEX,0.4563721716403961,0.912763237953186,0.008944562636315823,0,0
17,NOSE,0.44126948714256287,0.5400393009185791,0.03304104506969452,0,0
17,LEFT_EYE_INNER,0.4381083846092224,0.5317910313606262,0.0319332629442215,0,0
17,LEFT_EYE,0.4369133710861206,0.5313271880149841,0.03193977475166321,0,0
17,LEFT_EYE_OUTER,0.4357057213783264,0.5309770107269287,0.031935691833496094,0,0
17,RIGHT_EYE_INNER,0.4401210844516754,0.5329514145851135,0.015696730464696884,0,0
17,RIGHT_EYE,0.440426766872406,0.5332458019256592,0.015697326511144638,0,0
17,RIGHT_EYE_OUTER,0.4407513737678528,0.5335955619812012,0.015675028786063194,0,0
17,LEFT_EAR,0.4308851957321167,0.5350836515426636,0.034603189677000046,0,0
17,RIGHT_EAR,0.43831339478492737,0.5377048254013062,-0.03798156976699829,0,0
17,MOUTH_LEFT,0.4381704032421112,0.548069953918457,0.03753232955932617,0,0
17,MOUTH_RIGHT,0.4399157762527466,0.5493791699409485,0.01650516502559185,0,0
17,LEFT_SHOULDER,0.41194263100624084,0.5773604512214661,0.08320280909538269,0,0
17,RIGHT_SHOULDER,0.4357166588306427,0.5902937054634094,-0.08672413229942322,0,0
17,LEFT_ELBOW,0.41566354036331177,0.64505535364151,0.1414855569601059,0,0
17,RIGHT_ELBOW,0.4363729655742645,0.6610338687896729,-0.06998039782047272,0,0
17,LEFT_WRIST,0.4499957263469696,0.6349031329154968,0.16165095567703247,0,0
17,RIGHT_WRIST,0.45147308707237244,0.6529460549354553,0.005186651833355427,0,0
17,LEFT_PINKY,0.45571884512901306,0.6271216869354248,0.1672498881816864,0,0
17,RIGHT_PINKY,0.4592234492301941,0.646395206451416,0.0038560309913009405,0,0
17,LEFT_INDEX,0.4557991325855255,0.6254569292068481,0.15812216699123383,0,0
17,RIGHT_INDEX,0.4578280746936798,0.6391751170158386,0.005249961744993925,0,0
17,LEFT_THUMB,0.4543226957321167,0.6260868310928345,0.1572018265724182,0,0
17,RIGHT_THUMB,0.4547857642173767,0.6403557062149048,0.008517623879015446,0,0
17,LEFT_HIP,0.4011302888393402,0.7097092270851135,0.05398603528738022,0,0
17,RIGHT_HIP,0.42215797305107117,0.7143481969833374,-0.054027389734983444,0,0
17,LEFT_KNEE,0.39533475041389465,0.7942630052566528,0.11778097599744797,0,0
17,RIGHT_KNEE,0.4467128813266754,0.7957242131233215,-0.028750373050570488,0,0
17,LEFT_ANKLE,0.37512320280075073,0.8805049061775208,0.14723721146583557,0,0
17,RIGHT_ANKLE,0.43617793917655945,0.8960736989974976,-0.008928444236516953,0,0
17,LEFT_HEEL,0.37176477909088135,0.8956683278083801,0.1498013287782669,0,0
17,RIGHT_HEEL,0.4284747242927551,0.9126749038696289,-0.006558041088283062,0,0
17,LEFT_FOOT_INDEX,0.3806783854961395,0.8954949378967285,0.14863692224025726,0,0
17,RIGHT_FOOT_INDEX,0.4562890827655792,0.9127824306488037,-0.01131084468215704,0,0
18,NOSE,0.44167056679725647,0.5375980138778687,0.02313636802136898,0,0
18,LEFT_EYE_INNER,0.4383831024169922,0.5294026732444763,0.022378504276275635,0,0
18,LEFT_EYE,0.43718820810317993,0.5289489030838013,0.02238626964390278,0,0
18,LEFT_EYE_OUTER,0.4359835088253021,0.5286058783531189,0.02238420955836773,0,0
18,RIGHT_EYE_INNER,0.4402734041213989,0.5305473804473877,0.0057653579860925674,0,0
18,RIGHT_EYE,0.44050514698028564,0.5308416485786438,0.005770600400865078,0,0
18,RIGHT_EYE_OUTER,0.44075071811676025,0.5312087535858154,0.005748464725911617,0,0
18,LEFT_EAR,0.4311079680919647,0.5327537059783936,0.02793603017926216,0,0
18,RIGHT_EAR,0.43813231587409973,0.5354379415512085,-0.046729929745197296,0,0
18,MOUTH_LEFT,0.4386483430862427,0.5453636050224304,0.028603972867131233,0,0
18,MOUTH_RIGHT,0.44025129079818726,0.5466410517692566,0.006981185171753168,0,0
18,LEFT_SHOULDER,0.41224440932273865,0.5748599767684937,0.07943102717399597,0,0
18,RIGHT_SHOULDER,0.435285747051239,0.5870387554168701,-0.09548253566026688,0,0
18,LEFT_ELBOW,0.41540348529815674,0.6408858299255371,0.13757270574569702,0,0
18,RIGHT_ELBOW,0.4346142113208771,0.6579020023345947,-0.08293858915567398,0,0
18,LEFT_WRIST,0.4493125379085541,0.6334771513938904,0.15223568677902222,0,0
18,RIGHT_WRIST,0.4515530467033386,0.652421236038208,-0.011885902844369411,0,0
18,LEFT_PINKY,0.4573264420032501,0.6280654072761536,0.15637102723121643,0,0
18,RIGHT_PINKY,0.4593474566936493,0.6468173265457153,-0.015165919438004494,0,0
18,LEFT_INDEX,0.4563170075416565,0.6230052709579468,0.14603185653686523,0,0
18,RIGHT_INDEX,0.4586014151573181,0.6381350159645081,-0.013450319878757,0,0
18,LEFT_THUMB,0.454108864068985,0.6236869692802429,0.1470545083284378,0,0
18,RIGHT_THUMB,0.4555112421512604,0.639189600944519,-0.008516545407474041,0,0
18,LEFT_HIP,0.40082040429115295,0.7075320482254028,0.055426161736249924,0,0
18,RIGHT_HIP,0.4213320016860962,0.711766242980957,-0.055436089634895325,0,0
18,LEFT_KNEE,0.39529335498809814,0.7931962013244629,0.11574879288673401,0,0
18,RIGHT_KNEE,0.44608110189437866,0.7935638427734375,-0.02812826819717884,0,0
18,LEFT_ANKLE,0.3748794198036194,0.8805436491966248,0.15679438412189484,0,0
18,RIGHT_ANKLE,0.4354808032512665,0.8955707550048828,0.007647751830518246,0,0
18,LEFT_HEEL,0.3717555105686188,0.8960942625999451,0.1607000082731247,0,0
18,RIGHT_HEEL,0.42784473299980164,0.9119687080383301,0.01188680250197649,0,0
18,LEFT_FOOT_INDEX,0.3807045519351959,0.8955574631690979,0.15908387303352356,0,0
18,RIGHT_FOOT_INDEX,0.4561135470867157,0.9122313857078552,0.007422364316880703,0,0
19,NOSE,0.4422437250614166,0.5348690748214722,0.0203403253108263,0,0
19,LEFT_EYE_INNER,0.43882763385772705,0.526944637298584,0.01970263570547104,0,0
19,LEFT_EYE,0.4376489222049713,0.5265123844146729,0.019706878811120987,0,0
19,LEFT_EYE_OUTER,0.43645384907722473,0.5261716246604919,0.01969921588897705,0,0
19,RIGHT_EYE_INNER,0.4405737519264221,0.5280419588088989,0.0029426952823996544,0,0
19,RIGHT_EYE,0.44072991609573364,0.5283445119857788,0.0029499507509171963,0,0
19,RIGHT_EYE_OUTER,0.44089120626449585,0.5287039875984192,0.00292281829752028,0,0
19,LEFT_EAR,0.43147650361061096,0.5304989814758301,0.02567562833428383,0,0
19,RIGHT_EAR,0.43803972005844116,0.5331084132194519,-0.04958433285355568,0,0
19,MOUTH_LEFT,0.4392680823802948,0.5428088307380676,0.025945674628019333,0,0
19,MOUTH_RIGHT,0.4407142102718353,0.5440044403076172,0.004148112144321203,0,0
19,LEFT_SHOULDER,0.4132399559020996,0.572792112827301,0.07846874743700027,0,0
19,RIGHT_SHOULDER,0.4352843165397644,0.5854895710945129,-0.09856344759464264,0,0
19,LEFT_ELBOW,0.4150410294532776,0.6382348537445068,0.13940292596817017,0,0
19,RIGHT_ELBOW,0.43346548080444336,0.6553529500961304,-0.09061841666698456,0,0
19,LEFT_WRIST,0.44854292273521423,0.6328950524330139,0.15746618807315826,0,0
19,RIGHT_WRIST,0.45442524552345276,0.6512289047241211,-0.03152240067720413,0,0
19,LEFT_PINKY,0.45642271637916565,0.6284930109977722,0.16238956153392792,0,0
19,RIGHT_PINKY,0.462578147649765,0.6466980576515198,-0.03763166815042496,0,0
19,LEFT_INDEX,0.4600689709186554,0.6222877502441406,0.15076658129692078,0,0
19,RIGHT_INDEX,0.4629666209220886,0.6374143362045288,-0.03536885976791382,0,0
19,LEFT_THUMB,0.45784956216812134,0.6237046122550964,0.15197691321372986,0,0
19,RIGHT_THUMB,0.45971232652664185,0.6381751298904419,-0.028464196249842644,0,0
19,LEFT_HIP,0.40053126215934753,0.7055031657218933,0.05660014599561691,0,0
19,RIGHT_HIP,0.42080822587013245,0.7098798155784607,-0.056586362421512604,0,0
19,LEFT_KNEE,0.3953244984149933,0.7916995286941528,0.11064166575670242,0,0
19,RIGHT_KNEE,0.445780485868454,0.792894721031189,-0.026019740849733353,0,0
19,LEFT_ANKLE,0.37482750415802,0.8803680539131165,0.15107598900794983,0,0
19,RIGHT_ANKLE,0.4333636164665222,0.8954287171363831,0.021105319261550903,0,0
19,LEFT_HEEL,0.3717578053474426,0.8959418535232544,0.15484203398227692,0,0
19,RIGHT_HEEL,0.4251370429992676,0.9118298888206482,0.02607751451432705,0,0
19,LEFT_FOOT_INDEX,0.38111597299575806,0.8955432176589966,0.15138788521289825,0,0
19,RIGHT_FOOT_INDEX,0.45505398511886597,0.9110521078109741,0.021353360265493393,0,0
20,NOSE,0.4422793984413147,0.5337491035461426,0.02124764397740364,0,0
20,LEFT_EYE_INNER,0.4388515055179596,0.5257779955863953,0.020541466772556305,0,0
20,LEFT_EYE,0.43765151500701904,0.52532958984375,0.020548546686768532,0,0
20,LEFT_EYE_OUTER,0.4364437460899353,0.5249993205070496,0.020540853962302208,0,0
20,RIGHT_EYE_INNER,0.4406715929508209,0.5270389914512634,0.004369040485471487,0,0
20,RIGHT_EYE,0.4408373534679413,0.5274127125740051,0.0043802401050925255,0,0
20,RIGHT_EYE_OUTER,0.44099748134613037,0.5278352499008179,0.004353880416601896,0,0
20,LEFT_EAR,0.43163782358169556,0.5294622778892517,0.02543535642325878,0,0
20,RIGHT_EAR,0.4381086528301239,0.5322235226631165,-0.047239404171705246,0,0
20,MOUTH_LEFT,0.4393137991428375,0.5413621664047241,0.026258230209350586,0,0
20,MOUTH_RIGHT,0.44085949659347534,0.5426880717277527,0.005246107000857592,0,0
20,LEFT_SHOULDER,0.41443997621536255,0.5718470215797424,0.07813005894422531,0,0
20,RIGHT_SHOULDER,0.4353539049625397,0.5846907496452332,-0.09654457122087479,0,0
20,LEFT_ELBOW,0.41658762097358704,0.6368762850761414,0.14314797520637512,0,0
20,RIGHT_ELBOW,0.43291082978248596,0.6537736654281616,-0.0936473160982132,0,0
20,LEFT_WRIST,0.4521203935146332,0.6336463093757629,0.1640007495880127,0,0
20,RIGHT_WRIST,0.45500868558883667,0.651159405708313,-0.04313896968960762,0,0
20,LEFT_PINKY,0.45666658878326416,0.626859188079834,0.16968773305416107,0,0
20,RIGHT_PINKY,0.463195264339447,0.6464897990226746,-0.050433773547410965,0,0
20,LEFT_INDEX,0.4590177834033966,0.6241000294685364,0.15614472329616547,0,0
20,RIGHT_INDEX,0.463193416595459,0.6380184888839722,-0.048322226852178574,0,0
20,LEFT_THUMB,0.4567658305168152,0.6257472038269043,0.15787075459957123,0,0
20,RIGHT_THUMB,0.4601094424724579,0.6385817527770996,-0.04044507443904877,0,0
20,LEFT_HIP,0.40103185176849365,0.704197347164154,0.056441180408000946,0,0
20,RIGHT_HIP,0.4208493232727051,0.7086949944496155,-0.056435421109199524,0,0
20,LEFT_KNEE,0.3956734836101532,0.7910915017127991,0.08973399549722672,0,0
20,RIGHT_KNEE,0.44571664929389954,0.7922085523605347,-0.025200380012392998,0,0
20,LEFT_ANKLE,0.37477874755859375,0.8805341124534607,0.1216176375746727,0,0
20,RIGHT_ANKLE,0.42987996339797974,0.8942356109619141,0.02246723137795925,0,0
20,LEFT_HEEL,0.37176358699798584,0.8960895538330078,0.12428436428308487,0,0
20,RIGHT_HEEL,0.4210651218891144,0.9102941155433655,0.027614964172244072,0,0
20,LEFT_FOOT_INDEX,0.3811178505420685,0.8955297470092773,0.11758868396282196,0,0
20,RIGHT_FOOT_INDEX,0.4515805244445801,0.910875678062439,0.02517804317176342,0,0
21,NOSE,0.4427837133407593,0.5340834856033325,0.027335364371538162,0,0
21,LEFT_EYE_INNER,0.4394334852695465,0.5260305404663086,0.024718286469578743,0,0
21,LEFT_EYE,0.4381954073905945,0.5255470275878906,0.024727726355195045,0,0
21,LEFT_EYE_OUTER,0.43696489930152893,0.5252166986465454,0.0247122123837471,0,0
21,RIGHT_EYE_INNER,0.44132712483406067,0.5273488163948059,0.010767858475446701,0,0
21,RIGHT_EYE,0.44152161478996277,0.5277473330497742,0.010780157521367073,0,0
21,RIGHT_EYE_OUTER,0.4416981339454651,0.5281612873077393,0.010749369859695435,0,0
21,LEFT_EAR,0.43228596448898315,0.5297791361808777,0.022122148424386978,0,0
21,RIGHT_EAR,0.43881523609161377,0.532297670841217,-0.040609054267406464,0,0
21,MOUTH_LEFT,0.43978098034858704,0.5418715476989746,0.029703445732593536,0,0
21,MOUTH_RIGHT,0.44148048758506775,0.5430979132652283,0.01155580673366785,0,0
21,LEFT_SHOULDER,0.41519269347190857,0.5722823739051819,0.07186750322580338,0,0
21,RIGHT_SHOULDER,0.43577447533607483,0.5842345356941223,-0.09188038855791092,0,0
21,LEFT_ELBOW,0.4159923195838928,0.6365450620651245,0.14637084305286407,0,0
21,RIGHT_ELBOW,0.43287354707717896,0.6525396704673767,-0.10085944086313248,0,0
21,LEFT_WRIST,0.4489981532096863,0.6325914263725281,0.19636398553848267,0,0
21,RIGHT_WRIST,0.4546436667442322,0.6512670516967773,-0.0732838362455368,0,0
21,LEFT_PINKY,0.45479679107666016,0.6291753649711609,0.20626483857631683,0,0
21,RIGHT_PINKY,0.4634896218776703,0.6497107744216919,-0.0811271220445633,0,0
21,LEFT_INDEX,0.45868781208992004,0.6251636743545532,0.19317731261253357,0,0
21,RIGHT_INDEX,0.4635619521141052,0.6425054669380188,-0.07961573451757431,0,0
21,LEFT_THUMB,0.45666810870170593,0.6263648271560669,0.19143153727054596,0,0
21,RIGHT_THUMB,0.4602339565753937,0.641380786895752,-0.07128269970417023,0,0
21,LEFT_HIP,0.40232881903648376,0.7054067254066467,0.056263748556375504,0,0
21,RIGHT_HIP,0.42155686020851135,0.7099242210388184,-0.05627208948135376,0,0
21,LEFT_KNEE,0.3964909017086029,0.7911932468414307,0.09183701127767563,0,0
21,RIGHT_KNEE,0.4453831613063812,0.7922842502593994,-0.028734078630805016,0,0
21,LEFT_ANKLE,0.37477704882621765,0.8804919719696045,0.12290670722723007,0,0
21,RIGHT_ANKLE,0.4285679757595062,0.8940897583961487,0.010635270737111568,0,0
21,LEFT_HEEL,0.37173762917518616,0.8959451913833618,0.12472308427095413,0,0
21,RIGHT_HEEL,0.4197350740432739,0.9104094505310059,0.015144282951951027,0,0
21,LEFT_FOOT_INDEX,0.3819805085659027,0.8955111503601074,0.12104492634534836,0,0
21,RIGHT_FOOT_INDEX,0.45024824142456055,0.9107475876808167,0.011212487705051899,0,0
22,NOSE,0.44324976205825806,0.5342153906822205,0.032097674906253815,0,0
22,LEFT_EYE_INNER,0.4398939907550812,0.526111364364624,0.02923745848238468,0,0
22,LEFT_EYE,0.4386661648750305,0.5255980491638184,0.02924475446343422,0,0
22,LEFT_EYE_OUTER,0.4374515414237976,0.5252537131309509,0.029228709638118744,0,0
22,RIGHT_EYE_INNER,0.4417491555213928,0.5274777412414551,0.015385146252810955,0,0
22,RIGHT_EYE,0.4419344663619995,0.5278835892677307,0.01539749838411808,0,0
22,RIGHT_EYE_OUTER,0.44209516048431396,0.5282865762710571,0.015364300459623337,0,0
22,LEFT_EAR,0.4327344596385956,0.5298994779586792,0.025326348841190338,0,0
22,RIGHT_EAR,0.4391213357448578,0.5323538780212402,-0.036897819489240646,0,0
22,MOUTH_LEFT,0.44025471806526184,0.542259931564331,0.03403490036725998,0,0
22,MOUTH_RIGHT,0.4419423043727875,0.5434598922729492,0.01602248102426529,0,0
22,LEFT_SHOULDER,0.415277361869812,0.5726422071456909,0.07204988598823547,0,0
22,RIGHT_SHOULDER,0.4359210729598999,0.5841395854949951,-0.08867193013429642,0,0
22,LEFT_ELBOW,0.41563817858695984,0.6366429924964905,0.146530881524086,0,0
22,RIGHT_ELBOW,0.43294891715049744,0.6523882150650024,-0.09950073063373566,0,0
22,LEFT_WRIST,0.44805601239204407,0.6341143250465393,0.19165253639221191,0,0
22,RIGHT_WRIST,0.45432037115097046,0.6517313122749329,-0.0727468803524971,0,0
22,LEFT_PINKY,0.45345309376716614,0.6302367448806763,0.20048728585243225,0,0
22,RIGHT_PINKY,0.46333977580070496,0.6514274477958679,-0.08022429049015045,0,0
22,LEFT_INDEX,0.45749035477638245,0.6267344951629639,0.1899966448545456,0,0
22,RIGHT_INDEX,0.46326199173927307,0.6445654630661011,-0.07823893427848816,0,0
22,LEFT_THUMB,0.4556800127029419,0.6277454495429993,0.1872945874929428,0,0
22,RIGHT_THUMB,0.4598599076271057,0.6431460380554199,-0.0705750361084938,0,0
22,LEFT_HIP,0.40289199352264404,0.7060873508453369,0.05583712086081505,0,0
22,RIGHT_HIP,0.4220728874206543,0.7106205821037292,-0.05584300681948662,0,0
22,LEFT_KNEE,0.3967951834201813,0.791266143321991,0.08801896870136261,0,0
22,RIGHT_KNEE,0.4451877474784851,0.7928823828697205,-0.027299880981445312,0,0
22,LEFT_ANKLE,0.37477874755859375,0.880490243434906,0.11923979967832565,0,0
22,RIGHT_ANKLE,0.42827609181404114,0.8940849304199219,0.01683739572763443,0,0
22,LEFT_HEEL,0.3717387914657593,0.8959401249885559,0.12165819108486176,0,0
22,RIGHT_HEEL,0.41960233449935913,0.9104928374290466,0.021924939006567,0,0
22,LEFT_FOOT_INDEX,0.3823460340499878,0.895347535610199,0.11773736029863358,0,0
22,RIGHT_FOOT_INDEX,0.44958096742630005,0.9106791615486145,0.019244560971856117,0,0
23,NOSE,0.4438001215457916,0.5350483059883118,0.03262430056929588,0,0
23,LEFT_EYE_INNER,0.44037067890167236,0.5268633365631104,0.03210814669728279,0,0
23,LEFT_EYE,0.43908506631851196,0.526324987411499,0.03214048221707344,0,0
23,LEFT_EYE_OUTER,0.4378200173377991,0.5259383320808411,0.03214094042778015,0,0
23,RIGHT_EYE_INNER,0.44247958064079285,0.5282336473464966,0.015906501561403275,0,0
23,RIGHT_EYE,0.4427715241909027,0.5286235213279724,0.01594090834259987,0,0
23,RIGHT_EYE_OUTER,0.44302859902381897,0.529011070728302,0.015934370458126068,0,0
23,LEFT_EAR,0.43366196751594543,0.5305123329162598,0.029424939304590225,0,0
23,RIGHT_EAR,0.44029176235198975,0.5330123901367188,-0.03350520506501198,0,0
23,MOUTH_LEFT,0.44073548913002014,0.5430195927619934,0.038715798407793045,0,0
23,MOUTH_RIGHT,0.44272568821907043,0.544223964214325,0.01951845921576023,0,0
23,LEFT_SHOULDER,0.41637274622917175,0.5732002258300781,0.07084841281175613,0,0
23,RIGHT_SHOULDER,0.4366056025028229,0.5845934748649597,-0.08563568443059921,0,0
23,LEFT_ELBOW,0.4168018698692322,0.6388857960700989,0.11536858975887299,0,0
23,RIGHT_ELBOW,0.43319007754325867,0.6537541747093201,-0.09263277053833008,0,0
23,LEFT_WRIST,0.44774341583251953,0.6548396944999695,0.1142955869436264,0,0
23,RIGHT_WRIST,0.45457836985588074,0.6556532382965088,-0.060891758650541306,0,0
23,LEFT_PINKY,0.45450741052627563,0.6578344702720642,0.11559184640645981,0,0
23,RIGHT_PINKY,0.4646814167499542,0.6563225388526917,-0.06854815781116486,0,0
23,LEFT_INDEX,0.4593716263771057,0.6523849964141846,0.10324970632791519,0,0
23,RIGHT_INDEX,0.46470725536346436,0.6490230560302734,-0.06579826027154922,0,0
23,LEFT_THUMB,0.4573349952697754,0.6516239643096924,0.10788226127624512,0,0
23,RIGHT_THUMB,0.46096691489219666,0.6474233269691467,-0.05873730406165123,0,0
23,LEFT_HIP,0.4044484496116638,0.7065278887748718,0.0549151785671711,0,0
23,RIGHT_HIP,0.4232204556465149,0.7109912037849426,-0.05493016168475151,0,0
23,LEFT_KNEE,0.3984273672103882,0.791092574596405,0.08566738665103912,0,0
23,RIGHT_KNEE,0.4453085958957672,0.7940981984138489,-0.02835244871675968,0,0
23,LEFT_ANKLE,0.37510770559310913,0.879063606262207,0.10038241744041443,0,0
23,RIGHT_ANKLE,0.4282434284687042,0.8937689065933228,0.009873654693365097,0,0
23,LEFT_HEEL,0.37186622619628906,0.8930792808532715,0.10082156956195831,0,0
23,RIGHT_HEEL,0.41964101791381836,0.9099289774894714,0.014547605067491531,0,0
23,LEFT_FOOT_INDEX,0.3829505145549774,0.896224856376648,0.09114523231983185,0,0
23,RIGHT_FOOT_INDEX,0.4495776295661926,0.9107136130332947,0.004002601373940706,0,0
24,NOSE,0.4461979568004608,0.5362919569015503,0.037121523171663284,0,0
24,LEFT_EYE_INNER,0.4429638981819153,0.5281277298927307,0.035502370446920395,0,0
24,LEFT_EYE,0.4418424963951111,0.5275823473930359,0.03551335632801056,0,0
24,LEFT_EYE_OUTER,0.44074854254722595,0.5271379947662354,0.035502590239048004,0,0
24,RIGHT_EYE_INNER,0.44477376341819763,0.5295117497444153,0.020362872630357742,0,0
24,RIGHT_EYE,0.44495493173599243,0.5299386978149414,0.020378021523356438,0,0
24,RIGHT_EYE_OUTER,0.4450777769088745,0.5304006934165955,0.020352212712168694,0,0
24,LEFT_EAR,0.4364733397960663,0.5316210985183716,0.031137578189373016,0,0
24,RIGHT_EAR,0.44196563959121704,0.5343614816665649,-0.033327557146549225,0,0
24,MOUTH_LEFT,0.44360169768333435,0.5444570779800415,0.03974064812064171,0,0
24,MOUTH_RIGHT,0.4450884461402893,0.5455238819122314,0.02076515182852745,0,0
24,LEFT_SHOULDER,0.4174375832080841,0.5734013319015503,0.07323018461465836,0,0
24,RIGHT_SHOULDER,0.4380539059638977,0.5846287608146667,-0.08477792888879776,0,0
24,LEFT_ELBOW,0.4187701940536499,0.6410021781921387,0.12216807901859283,0,0
24,RIGHT_ELBOW,0.4338650703430176,0.6540291905403137,-0.0951310247182846,0,0
24,LEFT_WRIST,0.44848212599754333,0.6560676097869873,0.1288321316242218,0,0
24,RIGHT_WRIST,0.45838356018066406,0.6609511375427246,-0.06893595308065414,0,0
24,LEFT_PINKY,0.45871469378471375,0.662132978439331,0.13192260265350342,0,0
24,RIGHT_PINKY,0.46880802512168884,0.6607227921485901,-0.07777783274650574,0,0
24,LEFT_INDEX,0.46361738443374634,0.6568148136138916,0.1195656955242157,0,0
24,RIGHT_INDEX,0.468899130821228,0.6538834571838379,-0.07523874938488007,0,0
24,LEFT_THUMB,0.45784956216812134,0.6525015234947205,0.12270364910364151,0,0
24,RIGHT_THUMB,0.4648875892162323,0.6530632376670837,-0.06696955859661102,0,0
24,LEFT_HIP,0.40593060851097107,0.7057980298995972,0.0543951578438282,0,0
24,RIGHT_HIP,0.42462465167045593,0.7110156416893005,-0.054398056119680405,0,0
24,LEFT_KNEE,0.4029216766357422,0.7875978946685791,0.08978161960840225,0,0
24,RIGHT_KNEE,0.4454340636730194,0.7951322197914124,-0.033003244549036026,0,0
24,LEFT_ANKLE,0.3773743808269501,0.8707267045974731,0.10702099651098251,0,0
24,RIGHT_ANKLE,0.42830735445022583,0.893796980381012,-0.015614455565810204,0,0
24,LEFT_HEEL,0.3725537657737732,0.8837083578109741,0.10764610767364502,0,0
24,RIGHT_HEEL,0.41966328024864197,0.9104049205780029,-0.013696710579097271,0,0
24,LEFT_FOOT_INDEX,0.3834618628025055,0.8927345871925354,0.09743038564920425,0,0
24,RIGHT_FOOT_INDEX,0.45006126165390015,0.9107218980789185,-0.026579182595014572,0,0
25,NOSE,0.44787395000457764,0.5416228175163269,0.03376953303813934,0,0
25,LEFT_EYE_INNER,0.4452115297317505,0.5327537059783936,0.03378669545054436,0,0
25,LEFT_EYE,0.44412824511528015,0.5321900844573975,0.033781930804252625,0,0
25,LEFT_EYE_OUTER,0.44302666187286377,0.5316545963287354,0.033769384026527405,0,0
25,RIGHT_EYE_INNER,0.44674909114837646,0.5339953303337097,0.018725289031863213,0,0
25,RIGHT_EYE,0.4468666911125183,0.5343169569969177,0.018719853833317757,0,0
25,RIGHT_EYE_OUTER,0.4469310939311981,0.5346020460128784,0.01868799887597561,0,0
25,LEFT_EAR,0.4383707642555237,0.5355057120323181,0.03164834529161453,0,0
25,RIGHT_EAR,0.4437708854675293,0.537880003452301,-0.032476432621479034,0,0
25,MOUTH_LEFT,0.44527995586395264,0.5492744445800781,0.0370301753282547,0,0
25,MOUTH_RIGHT,0.4466312825679779,0.5503314733505249,0.01774381846189499,0,0
25,LEFT_SHOULDER,0.4189366102218628,0.5751668810844421,0.07348394393920898,0,0
25,RIGHT_SHOULDER,0.4395018219947815,0.5849485397338867,-0.08445854485034943,0,0
25,LEFT_ELBOW,0.42034709453582764,0.6442625522613525,0.11954198032617569,0,0
25,RIGHT_ELBOW,0.43735429644584656,0.656495213508606,-0.08905570954084396,0,0
25,LEFT_WRIST,0.44794318079948425,0.6618388891220093,0.11877940595149994,0,0
25,RIGHT_WRIST,0.46194326877593994,0.664884090423584,-0.05168093740940094,0,0
25,LEFT_PINKY,0.45715659856796265,0.6694811582565308,0.12117037922143936,0,0
25,RIGHT_PINKY,0.47083064913749695,0.6652411818504333,-0.05871916562318802,0,0
25,LEFT_INDEX,0.4614967107772827,0.6639747619628906,0.10976983606815338,0,0
25,RIGHT_INDEX,0.47115516662597656,0.658355176448822,-0.05597703531384468,0,0
25,LEFT_THUMB,0.4573942720890045,0.6583911180496216,0.11280688643455505,0,0
25,RIGHT_THUMB,0.46745845675468445,0.6575568318367004,-0.049243781715631485,0,0
25,LEFT_HIP,0.40807607769966125,0.7060790657997131,0.05430760607123375,0,0
25,RIGHT_HIP,0.42592620849609375,0.7112436890602112,-0.054311446845531464,0,0
25,LEFT_KNEE,0.4081706702709198,0.7849322557449341,0.09798046946525574,0,0
25,RIGHT_KNEE,0.4457921087741852,0.7957490682601929,-0.04230012372136116,0,0
25,LEFT_ANKLE,0.3809817135334015,0.8603150248527527,0.11048391461372375,0,0
25,RIGHT_ANKLE,0.42853233218193054,0.8938319683074951,-0.04421256482601166,0,0
25,LEFT_HEEL,0.3740999400615692,0.8707046508789062,0.11070354282855988,0,0
25,RIGHT_HEEL,0.4198729395866394,0.9105476140975952,-0.04435465484857559,0,0
25,LEFT_FOOT_INDEX,0.3860214352607727,0.8872890472412109,0.10016579180955887,0,0
25,RIGHT_FOOT_INDEX,0.45018184185028076,0.9107128381729126,-0.06082133576273918,0,0
26,NOSE,0.448741614818573,0.5453588962554932,0.0413503535091877,0,0
26,LEFT_EYE_INNER,0.44641077518463135,0.5362399220466614,0.04053846374154091,0,0
26,LEFT_EYE,0.44535863399505615,0.5356541872024536,0.040522728115320206,0,0
26,LEFT_EYE_OUTER,0.4442591369152069,0.5350439548492432,0.040502969175577164,0,0
26,RIGHT_EYE_INNER,0.44786399602890015,0.5373493432998657,0.026399800553917885,0,0
26,RIGHT_EYE,0.447969913482666,0.537580132484436,0.02638435550034046,0,0
26,RIGHT_EYE_OUTER,0.44803667068481445,0.5377814173698425,0.026348741725087166,0,0
26,LEFT_EAR,0.4396331012248993,0.5385745167732239,0.03531785309314728,0,0
26,RIGHT_EAR,0.4450542628765106,0.5411881804466248,-0.026674510911107063,0,0
26,MOUTH_LEFT,0.44627800583839417,0.5526469945907593,0.04236524924635887,0,0
26,MOUTH_RIGHT,0.44755685329437256,0.5536667704582214,0.024327345192432404,0,0
26,LEFT_SHOULDER,0.4206683337688446,0.5766627788543701,0.07390450686216354,0,0
26,RIGHT_SHOULDER,0.44097191095352173,0.5867356061935425,-0.0783298909664154,0,0
26,LEFT_ELBOW,0.42359814047813416,0.6450866460800171,0.11943647265434265,0,0
26,RIGHT_ELBOW,0.4419756233692169,0.6590555906295776,-0.08074164390563965,0,0
26,LEFT_WRIST,0.4500284194946289,0.6595403552055359,0.11732039600610733,0,0
26,RIGHT_WRIST,0.46564996242523193,0.6645339727401733,-0.05021841078996658,0,0
26,LEFT_PINKY,0.4609159827232361,0.6675319075584412,0.11945676058530807,0,0
26,RIGHT_PINKY,0.475005179643631,0.6644631624221802,-0.05312436819076538,0,0
26,LEFT_INDEX,0.46498239040374756,0.6620044112205505,0.10863058269023895,0,0
26,RIGHT_INDEX,0.47545114159584045,0.6577381491661072,-0.04991741105914116,0,0
26,LEFT_THUMB,0.46278145909309387,0.660102367401123,0.11166418343782425,0,0
26,RIGHT_THUMB,0.4718242287635803,0.6570449471473694,-0.045921631157398224,0,0
26,LEFT_HIP,0.4094136357307434,0.7062820196151733,0.05425668880343437,0,0
26,RIGHT_HIP,0.4269123673439026,0.7113263010978699,-0.05426476150751114,0,0
26,LEFT_KNEE,0.41194623708724976,0.7826360464096069,0.1162196695804596,0,0
26,RIGHT_KNEE,0.44634920358657837,0.7971881628036499,-0.046937260776758194,0,0
26,LEFT_ANKLE,0.38519275188446045,0.8566147089004517,0.13810935616493225,0,0
26,RIGHT_ANKLE,0.4281085431575775,0.8940064311027527,-0.05535178631544113,0,0
26,LEFT_HEEL,0.3773227632045746,0.868109941482544,0.13909980654716492,0,0
26,RIGHT_HEEL,0.4190937280654907,0.9112380146980286,-0.0560966394841671,0,0
26,LEFT_FOOT_INDEX,0.39315932989120483,0.8810103535652161,0.1303393691778183,0,0
26,RIGHT_FOOT_INDEX,0.45036575198173523,0.910610020160675,-0.07400091737508774,0,0
27,NOSE,0.44904929399490356,0.5458177924156189,0.049899376928806305,0,0
27,LEFT_EYE_INNER,0.44660118222236633,0.5367197394371033,0.048836566507816315,0,0
27,LEFT_EYE,0.4455625116825104,0.5361055731773376,0.04882356896996498,0,0
27,LEFT_EYE_OUTER,0.4444942772388458,0.5355056524276733,0.04880036041140556,0,0
27,RIGHT_EYE_INNER,0.44818413257598877,0.5379646420478821,0.034401122480630875,0,0
27,RIGHT_EYE,0.4483164846897125,0.5382304787635803,0.03438904508948326,0,0
27,RIGHT_EYE_OUTER,0.4484061598777771,0.5384587049484253,0.03435266762971878,0,0
27,LEFT_EAR,0.43993476033210754,0.5390818119049072,0.043418560177087784,0,0
27,RIGHT_EAR,0.4454575777053833,0.5419058799743652,-0.02069185860455036,0,0
27,MOUTH_LEFT,0.4464145302772522,0.5532960295677185,0.05053061991930008,0,0
27,MOUTH_RIGHT,0.44780591130256653,0.5543410778045654,0.03197544068098068,0,0
27,LEFT_SHOULDER,0.42115113139152527,0.5771903991699219,0.0818072110414505,0,0
27,RIGHT_SHOULDER,0.44164738059043884,0.5886727571487427,-0.07350755482912064,0,0
27,LEFT_ELBOW,0.42496049404144287,0.6468732953071594,0.123970627784729,0,0
27,RIGHT_ELBOW,0.44277384877204895,0.6608847379684448,-0.08068296313285828,0,0
27,LEFT_WRIST,0.4502790570259094,0.6587807536125183,0.1341399997472763,0,0
27,RIGHT_WRIST,0.4659668207168579,0.6647822856903076,-0.04973999410867691,0,0
27,LEFT_PINKY,0.46034419536590576,0.6667998433113098,0.13823823630809784,0,0
27,RIGHT_PINKY,0.47549816966056824,0.6646772623062134,-0.05644822493195534,0,0
27,LEFT_INDEX,0.4643593430519104,0.6613767147064209,0.1272466778755188,0,0
27,RIGHT_INDEX,0.4756537675857544,0.6578620076179504,-0.0537230409681797,0,0
27,LEFT_THUMB,0.46248024702072144,0.6603561639785767,0.1287963092327118,0,0
27,RIGHT_THUMB,0.47186312079429626,0.6570796966552734,-0.047221384942531586,0,0
27,LEFT_HIP,0.4099152982234955,0.7063804864883423,0.05421509966254234,0,0
27,RIGHT_HIP,0.4275398254394531,0.7114654779434204,-0.054226141422986984,0,0
27,LEFT_KNEE,0.412987619638443,0.7817057371139526,0.11063878983259201,0,0
27,RIGHT_KNEE,0.4471327066421509,0.7975115776062012,-0.04536030814051628,0,0
27,LEFT_ANKLE,0.3863309621810913,0.8555893301963806,0.13658854365348816,0,0
27,RIGHT_ANKLE,0.42825397849082947,0.8940159678459167,-0.054043788462877274,0,0
27,LEFT_HEEL,0.37861818075180054,0.8671941161155701,0.13574163615703583,0,0
27,RIGHT_HEEL,0.4191340208053589,0.9112434387207031,-0.05471173673868179,0,0
27,LEFT_FOOT_INDEX,0.39338138699531555,0.878197968006134,0.121120385825634,0,0
27,RIGHT_FOOT_INDEX,0.4505908787250519,0.9103128910064697,-0.07128172367811203,0,0
28,NOSE,0.44957461953163147,0.5474575757980347,0.048181984573602676,0,0
28,LEFT_EYE_INNER,0.44720259308815,0.5382248163223267,0.047667477279901505,0,0
28,LEFT_EYE,0.4461744725704193,0.5375998020172119,0.04764312878251076,0,0
28,LEFT_EYE_OUTER,0.44512587785720825,0.5369874835014343,0.04762083292007446,0,0
28,RIGHT_EYE_INNER,0.4488043785095215,0.5394875407218933,0.03321797773241997,0,0
28,RIGHT_EYE,0.44893208146095276,0.5397238731384277,0.03319202736020088,0,0
28,RIGHT_EYE_OUTER,0.4490140676498413,0.5399394631385803,0.033149734139442444,0,0
28,LEFT_EAR,0.440656453371048,0.5402370095252991,0.04242909327149391,0,0
28,RIGHT_EAR,0.44603732228279114,0.5432494878768921,-0.02189691737294197,0,0
28,MOUTH_LEFT,0.446877121925354,0.5547487139701843,0.04952426999807358,0,0
28,MOUTH_RIGHT,0.4482670724391937,0.5557841062545776,0.030936984345316887,0,0
28,LEFT_SHOULDER,0.4217827618122101,0.5775689482688904,0.08163420855998993,0,0
28,RIGHT_SHOULDER,0.44178828597068787,0.5893802046775818,-0.07480780780315399,0,0
28,LEFT_ELBOW,0.42835673689842224,0.6464093327522278,0.12563474476337433,0,0
28,RIGHT_ELBOW,0.4439152181148529,0.6612938046455383,-0.07718286663293839,0,0
28,LEFT_WRIST,0.4535718262195587,0.6581538319587708,0.1272992342710495,0,0
28,RIGHT_WRIST,0.46839264035224915,0.6643856763839722,-0.04028613865375519,0,0
28,LEFT_PINKY,0.4647756814956665,0.6649578213691711,0.12946908175945282,0,0
28,RIGHT_PINKY,0.47742512822151184,0.6641656756401062,-0.04862627014517784,0,0
28,LEFT_INDEX,0.468678742647171,0.6583886742591858,0.11849896609783173,0,0
28,RIGHT_INDEX,0.477969229221344,0.6569246649742126,-0.048157207667827606,0,0
28,LEFT_THUMB,0.46702516078948975,0.6597225069999695,0.12171853333711624,0,0
28,RIGHT_THUMB,0.4745755195617676,0.6561917066574097,-0.03848942741751671,0,0
28,LEFT_HIP,0.41007906198501587,0.7064560055732727,0.05510837584733963,0,0
28,RIGHT_HIP,0.42760753631591797,0.7115628123283386,-0.05512826517224312,0,0
28,LEFT_KNEE,0.41406214237213135,0.7801409363746643,0.13524267077445984,0,0
28,RIGHT_KNEE,0.44742849469184875,0.7975127696990967,-0.046879563480615616,0,0
28,LEFT_ANKLE,0.38944900035858154,0.8544566631317139,0.1833018958568573,0,0
28,RIGHT_ANKLE,0.4277609884738922,0.8940285444259644,-0.04549458250403404,0,0
28,LEFT_HEEL,0.3817320764064789,0.8681374788284302,0.1869477927684784,0,0
28,RIGHT_HEEL,0.41846057772636414,0.9121489524841309,-0.045243892818689346,0,0
28,LEFT_FOOT_INDEX,0.4015202522277832,0.8735571503639221,0.18158359825611115,0,0
28,RIGHT_FOOT_INDEX,0.4507203996181488,0.9101727604866028,-0.06274253129959106,0,0
29,NOSE,0.4506538510322571,0.5482620000839233,0.04756082594394684,0,0
29,LEFT_EYE_INNER,0.4482937157154083,0.5391141772270203,0.04663338139653206,0,0
29,LEFT_EYE,0.4473107159137726,0.5384899377822876,0.04661813750863075,0,0
29,LEFT_EYE_OUTER,0.44630858302116394,0.5378677248954773,0.046597760170698166,0,0
29,RIGHT_EYE_INNER,0.4496733844280243,0.5403674840927124,0.032057590782642365,0,0
29,RIGHT_EYE,0.4497203528881073,0.5406033992767334,0.03204242140054703,0,0
29,RIGHT_EYE_OUTER,0.4497285485267639,0.5408165454864502,0.03200627118349075,0,0
29,LEFT_EAR,0.4416538178920746,0.5408820509910583,0.04353941231966019,0,0
29,RIGHT_EAR,0.4466114938259125,0.5439925193786621,-0.02201838046312332,0,0
29,MOUTH_LEFT,0.4480016529560089,0.5556003451347351,0.04936818405985832,0,0
29,MOUTH_RIGHT,0.44912010431289673,0.5565254092216492,0.03043714165687561,0,0
29,LEFT_SHOULDER,0.4233465790748596,0.5776622891426086,0.08579438179731369,0,0
29,RIGHT_SHOULDER,0.4421234428882599,0.5902355909347534,-0.07255864888429642,0,0
29,LEFT_ELBOW,0.4330236315727234,0.6376087069511414,0.14655013382434845,0,0
29,RIGHT_ELBOW,0.4467022120952606,0.6612510085105896,-0.07865004241466522,0,0
29,LEFT_WRIST,0.4649365544319153,0.6423241496086121,0.16570773720741272,0,0
29,RIGHT_WRIST,0.4725549817085266,0.6596753001213074,-0.05626605451107025,0,0
29,LEFT_PINKY,0.4732837975025177,0.643222451210022,0.17159533500671387,0,0
29,RIGHT_PINKY,0.48069363832473755,0.6583028435707092,-0.06556586921215057,0,0
29,LEFT_INDEX,0.4740329384803772,0.6402976512908936,0.15978384017944336,0,0
29,RIGHT_INDEX,0.48124122619628906,0.6512163877487183,-0.06418541818857193,0,0
29,LEFT_THUMB,0.47460493445396423,0.6399683952331543,0.16072116792201996,0,0
29,RIGHT_THUMB,0.4780207872390747,0.6512316465377808,-0.05446762591600418,0,0
29,LEFT_HIP,0.41061243414878845,0.7065384387969971,0.05544223263859749,0,0
29,RIGHT_HIP,0.4280429780483246,0.7116749882698059,-0.05546589195728302,0,0
29,LEFT_KNEE,0.41490212082862854,0.7800094485282898,0.14641816914081573,0,0
29,RIGHT_KNEE,0.44808006286621094,0.797195553779602,-0.057030003517866135,0,0
29,LEFT_ANKLE,0.3931856155395508,0.8538355231285095,0.20495015382766724,0,0
29,RIGHT_ANKLE,0.42774346470832825,0.8939523100852966,-0.06261620670557022,0,0
29,LEFT_HEEL,0.38639160990715027,0.8688348531723022,0.20970837771892548,0,0
29,RIGHT_HEEL,0.4186525046825409,0.9121584296226501,-0.06312792748212814,0,0
29,LEFT_FOOT_INDEX,0.4079384505748749,0.8691182732582092,0.20567479729652405,0,0
29,RIGHT_FOOT_INDEX,0.45075541734695435,0.9099097847938538,-0.08256831020116806,0,0
30,NOSE,0.4509236216545105,0.5482681393623352,0.04790656641125679,0,0
30,LEFT_EYE_INNER,0.44849246740341187,0.539119303226471,0.0468391515314579,0,0
30,LEFT_EYE,0.44755372405052185,0.5384919047355652,0.046826887875795364,0,0
30,LEFT_EYE_OUTER,0.4465753138065338,0.537871778011322,0.04680667445063591,0,0
30,RIGHT_EYE_INNER,0.4498874247074127,0.5404282808303833,0.03200874850153923,0,0
30,RIGHT_EYE,0.4499519169330597,0.5406853556632996,0.03200056776404381,0,0
30,RIGHT_EYE_OUTER,0.44998371601104736,0.5409219264984131,0.03196968883275986,0,0
30,LEFT_EAR,0.4419650137424469,0.5408552289009094,0.04518416151404381,0,0
30,RIGHT_EAR,0.44691696763038635,0.544133186340332,-0.021715819835662842,0,0
30,MOUTH_LEFT,0.44827112555503845,0.5556201934814453,0.05025776848196983,0,0
30,MOUTH_RIGHT,0.4493938684463501,0.5565153360366821,0.030844593420624733,0,0
30,LEFT_SHOULDER,0.42448127269744873,0.57767653465271,0.088158518075943,0,0
30,RIGHT_SHOULDER,0.44209328293800354,0.5914323329925537,-0.07136466354131699,0,0
30,LEFT_ELBOW,0.4374171197414398,0.6344909071922302,0.15198713541030884,0,0
30,RIGHT_ELBOW,0.4471401870250702,0.6612166166305542,-0.08286438882350922,0,0
30,LEFT_WRIST,0.466004341840744,0.6370871067047119,0.17257650196552277,0,0
30,RIGHT_WRIST,0.4734916687011719,0.6577402949333191,-0.07042022049427032,0,0
30,LEFT_PINKY,0.47633272409439087,0.635820746421814,0.1785394847393036,0,0
30,RIGHT_PINKY,0.4813019633293152,0.6560966372489929,-0.08167693763971329,0,0
30,LEFT_INDEX,0.47765591740608215,0.6350467801094055,0.1658974140882492,0,0
30,RIGHT_INDEX,0.48184826970100403,0.6490347385406494,-0.08029719442129135,0,0
30,LEFT_THUMB,0.47460702061653137,0.6364576816558838,0.16741901636123657,0,0
30,RIGHT_THUMB,0.4787880480289459,0.649221658706665,-0.0688919648528099,0,0
30,LEFT_HIP,0.4108891189098358,0.7066032290458679,0.05567057803273201,0,0
30,RIGHT_HIP,0.42811620235443115,0.7118006944656372,-0.05569368228316307,0,0
30,LEFT_KNEE,0.41471850872039795,0.7798497080802917,0.14490185678005219,0,0
30,RIGHT_KNEE,0.4484138488769531,0.7970958948135376,-0.06525950878858566,0,0
30,LEFT_ANKLE,0.3937676250934601,0.8542693853378296,0.20691663026809692,0,0
30,RIGHT_ANKLE,0.42782801389694214,0.8939154148101807,-0.07100141793489456,0,0
30,LEFT_HEEL,0.387532502412796,0.869354248046875,0.21210189163684845,0,0
30,RIGHT_HEEL,0.41878557205200195,0.9122156500816345,-0.07156500220298767,0,0
30,LEFT_FOOT_INDEX,0.4084823429584503,0.8699069619178772,0.2075621783733368,0,0
30,RIGHT_FOOT_INDEX,0.4508313536643982,0.9098210334777832,-0.09240344166755676,0,0
31,NOSE,0.4508711099624634,0.5491588115692139,0.045787177979946136,0,0
31,LEFT_EYE_INNER,0.44839030504226685,0.5395636558532715,0.04515603557229042,0,0
31,LEFT_EYE,0.4474509656429291,0.5389292240142822,0.0451425239443779,0,0
31,LEFT_EYE_OUTER,0.4464606046676636,0.5383011102676392,0.04512866586446762,0,0
31,RIGHT_EYE_INNER,0.44983118772506714,0.5409072041511536,0.029643064364790916,0,0
31,RIGHT_EYE,0.44992560148239136,0.5411511659622192,0.029635965824127197,0,0
31,RIGHT_EYE_OUTER,0.44999071955680847,0.541371762752533,0.029612110927700996,0,0
31,LEFT_EAR,0.4419083595275879,0.5412095189094543,0.04398580268025398,0,0
31,RIGHT_EAR,0.4470016360282898,0.5442930459976196,-0.023557107895612717,0,0
31,MOUTH_LEFT,0.44812220335006714,0.5562580227851868,0.049555905163288116,0,0
31,MOUTH_RIGHT,0.4493640065193176,0.5572472214698792,0.028923416510224342,0,0
31,LEFT_SHOULDER,0.4247637689113617,0.5782678127288818,0.08696983754634857,0,0
31,RIGHT_SHOULDER,0.44221100211143494,0.5914081931114197,-0.07220315933227539,0,0
31,LEFT_ELBOW,0.4389420747756958,0.6335793137550354,0.14763882756233215,0,0
31,RIGHT_ELBOW,0.4496937394142151,0.6585179567337036,-0.08793866634368896,0,0
31,LEFT_WRIST,0.4696625769138336,0.6331315040588379,0.16278047859668732,0,0
31,RIGHT_WRIST,0.4774414598941803,0.6521767377853394,-0.07111386209726334,0,0
31,LEFT_PINKY,0.478981077671051,0.6323184370994568,0.1681772619485855,0,0
31,RIGHT_PINKY,0.48552846908569336,0.6509537696838379,-0.08228619396686554,0,0
31,LEFT_INDEX,0.4812881350517273,0.6304303407669067,0.15775200724601746,0,0
31,RIGHT_INDEX,0.4864672124385834,0.6430060863494873,-0.07945240288972855,0,0
31,LEFT_THUMB,0.4777262806892395,0.6324030756950378,0.15765590965747833,0,0
31,RIGHT_THUMB,0.4830836355686188,0.6432568430900574,-0.06888477504253387,0,0
31,LEFT_HIP,0.41132456064224243,0.7067241668701172,0.05669506639242172,0,0
31,RIGHT_HIP,0.4285477101802826,0.7118408679962158,-0.05673307180404663,0,0
31,LEFT_KNEE,0.4146858751773834,0.7801589369773865,0.15087978541851044,0,0
31,RIGHT_KNEE,0.44899237155914307,0.7970949411392212,-0.06576421111822128,0,0
31,LEFT_ANKLE,0.39583829045295715,0.8546111583709717,0.21907298266887665,0,0
31,RIGHT_ANKLE,0.4279056191444397,0.8939245343208313,-0.06810446083545685,0,0
31,LEFT_HEEL,0.38923269510269165,0.8698572516441345,0.22509290277957916,0,0
31,RIGHT_HEEL,0.4188881516456604,0.9122141003608704,-0.06828372180461884,0,0
31,LEFT_FOOT_INDEX,0.41279157996177673,0.8687843680381775,0.22153307497501373,0,0
31,RIGHT_FOOT_INDEX,0.4508552849292755,0.9098275899887085,-0.08880500495433807,0,0
32,NOSE,0.4511720538139343,0.5497778654098511,0.041379787027835846,0,0
32,LEFT_EYE_INNER,0.4487117528915405,0.5400322675704956,0.040910083800554276,0,0
32,LEFT_EYE,0.447806179523468,0.539417028427124,0.040897905826568604,0,0
32,LEFT_EYE_OUTER,0.4468339681625366,0.5387921333312988,0.04088560864329338,0,0
32,RIGHT_EYE_INNER,0.4500567615032196,0.5413325428962708,0.025251515209674835,0,0
32,RIGHT_EYE,0.45011332631111145,0.541546642780304,0.025246083736419678,0,0
32,RIGHT_EYE_OUTER,0.45014798641204834,0.5417364239692688,0.025225896388292313,0,0
32,LEFT_EAR,0.44210612773895264,0.5415353178977966,0.043449416756629944,0,0
32,RIGHT_EAR,0.4471001625061035,0.544459879398346,-0.0270901657640934,0,0
32,MOUTH_LEFT,0.4483330547809601,0.5568107962608337,0.045610662549734116,0,0
32,MOUTH_RIGHT,0.44950833916664124,0.5576848983764648,0.024812214076519012,0,0
32,LEFT_SHOULDER,0.42495086789131165,0.5787771344184875,0.08628283441066742,0,0
32,RIGHT_SHOULDER,0.4422552287578583,0.5913694500923157,-0.07383070141077042,0,0
32,LEFT_ELBOW,0.4391493797302246,0.6334004402160645,0.14580099284648895,0,0
32,RIGHT_ELBOW,0.45050784945487976,0.657096803188324,-0.0888349711894989,0,0
32,LEFT_WRIST,0.46969735622406006,0.6331999897956848,0.15935760736465454,0,0
32,RIGHT_WRIST,0.4777124524116516,0.6502939462661743,-0.06772713363170624,0,0
32,LEFT_PINKY,0.47868967056274414,0.6324535608291626,0.1644439846277237,0,0
32,RIGHT_PINKY,0.4857030212879181,0.6498277187347412,-0.07829724997282028,0,0
32,LEFT_INDEX,0.4841504395008087,0.6294277310371399,0.15416918694972992,0,0
32,RIGHT_INDEX,0.4864457845687866,0.6421993374824524,-0.07561100274324417,0,0
32,LEFT_THUMB,0.47688260674476624,0.6321181654930115,0.15414048731327057,0,0
32,RIGHT_THUMB,0.4830882251262665,0.6421664953231812,-0.06544600427150726,0,0
32,LEFT_HIP,0.41159936785697937,0.7068579792976379,0.05680394545197487,0,0
32,RIGHT_HIP,0.42868772149086,0.7118906378746033,-0.05684172734618187,0,0
32,LEFT_KNEE,0.41528505086898804,0.7800735235214233,0.1496814787387848,0,0
32,RIGHT_KNEE,0.4493950605392456,0.7970940470695496,-0.06410399824380875,0,0
32,LEFT_ANKLE,0.3961672782897949,0.8536643981933594,0.2161918580532074,0,0
32,RIGHT_ANKLE,0.4279390275478363,0.8939425945281982,-0.0656258836388588,0,0
32,LEFT_HEEL,0.3894575834274292,0.8698179721832275,0.22198590636253357,0,0
32,RIGHT_HEEL,0.41892531514167786,0.9123457670211792,-0.0657309964299202,0,0
32,LEFT_FOOT_INDEX,0.4132422208786011,0.8680503964424133,0.21846111118793488,0,0
32,RIGHT_FOOT_INDEX,0.45106345415115356,0.9101395606994629,-0.08547819405794144,0,0
33,NOSE,0.45172184705734253,0.5515625476837158,0.021467039361596107,0,0
33,LEFT_EYE_INNER,0.44910237193107605,0.5412866473197937,0.022524790838360786,0,0
33,LEFT_EYE,0.4482469856739044,0.540722668170929,0.022519290447235107,0,0
33,LEFT_EYE_OUTER,0.44732391834259033,0.5401358604431152,0.022512782365083694,0,0
33,RIGHT_EYE_INNER,0.4502186179161072,0.5423339009284973,0.006295721512287855,0,0
33,RIGHT_EYE,0.4501833915710449,0.54243004322052,0.006295047700405121,0,0
33,RIGHT_EYE_OUTER,0.45012596249580383,0.5425010919570923,0.006289062090218067,0,0
33,LEFT_EAR,0.4423184394836426,0.5428509712219238,0.03476574644446373,0,0
33,RIGHT_EAR,0.4468350112438202,0.5450699329376221,-0.039305515587329865,0,0
33,MOUTH_LEFT,0.4489149749279022,0.5584043860435486,0.028813790529966354,0,0
33,MOUTH_RIGHT,0.44984742999076843,0.559052586555481,0.0072484309785068035,0,0
33,LEFT_SHOULDER,0.4265593886375427,0.5792165398597717,0.08263882249593735,0,0
33,RIGHT_SHOULDER,0.44160231947898865,0.5915860533714294,-0.08165791630744934,0,0
33,LEFT_ELBOW,0.44599902629852295,0.6247678995132446,0.14680559933185577,0,0
33,RIGHT_ELBOW,0.4505581259727478,0.6478775143623352,-0.11341991275548935,0,0
33,LEFT_WRIST,0.4757188856601715,0.6213118433952332,0.16395749151706696,0,0
33,RIGHT_WRIST,0.4793594181537628,0.6360061764717102,-0.10891647636890411,0,0
33,LEFT_PINKY,0.4859580099582672,0.6173206567764282,0.1701265275478363,0,0
33,RIGHT_PINKY,0.48764997720718384,0.6343582272529602,-0.12200121581554413,0,0
33,LEFT_INDEX,0.48789891600608826,0.613688588142395,0.15674079954624176,0,0
33,RIGHT_INDEX,0.4883614480495453,0.6279242634773254,-0.11768399178981781,0,0
33,LEFT_THUMB,0.4837401509284973,0.617103099822998,0.1584705412387848,0,0
33,RIGHT_THUMB,0.4851517975330353,0.6282581686973572,-0.10618177801370621,0,0
33,LEFT_HIP,0.4119596779346466,0.7075449228286743,0.05696260556578636,0,0
33,RIGHT_HIP,0.42855966091156006,0.7122322916984558,-0.056987226009368896,0,0
33,LEFT_KNEE,0.41594773530960083,0.7803386449813843,0.14997902512550354,0,0
33,RIGHT_KNEE,0.44933345913887024,0.7963257431983948,-0.0788322389125824,0,0
33,LEFT_ANKLE,0.3974772095680237,0.8538378477096558,0.22599263489246368,0,0
33,RIGHT_ANKLE,0.4279906153678894,0.8936712145805359,-0.0824841558933258,0,0
33,LEFT_HEEL,0.38980454206466675,0.8698803782463074,0.23254412412643433,0,0
33,RIGHT_HEEL,0.41899994015693665,0.9123432636260986,-0.08308713138103485,0,0
33,LEFT_FOOT_INDEX,0.41505780816078186,0.8678205013275146,0.22832413017749786,0,0
33,RIGHT_FOOT_INDEX,0.45141172409057617,0.9101293683052063,-0.10618676990270615,0,0
34,NOSE,0.45165690779685974,0.5516812801361084,0.01241047028452158,0,0
34,LEFT_EYE_INNER,0.44895103573799133,0.5413591265678406,0.01515159010887146,0,0
34,LEFT_EYE,0.4481181800365448,0.5408101677894592,0.015146696008741856,0,0
34,LEFT_EYE_OUTER,0.44720885157585144,0.5402406454086304,0.0151370195671916,0,0
34,RIGHT_EYE_INNER,0.4499869644641876,0.5423252582550049,-0.0011563056614249945,0,0
34,RIGHT_EYE,0.4499606788158417,0.5423893332481384,-0.0011515009682625532,0,0
34,RIGHT_EYE_OUTER,0.4499436616897583,0.5424293875694275,-0.0011552383657544851,0,0
34,LEFT_EAR,0.44206270575523376,0.543026328086853,0.033704664558172226,0,0
34,RIGHT_EAR,0.44629937410354614,0.5450548529624939,-0.0403854064643383,0,0
34,MOUTH_LEFT,0.4489630162715912,0.5586351752281189,0.022007782012224197,0,0
34,MOUTH_RIGHT,0.44972723722457886,0.5592896342277527,0.0003996261802967638,0,0
34,LEFT_SHOULDER,0.42745140194892883,0.5794679522514343,0.0823986679315567,0,0
34,RIGHT_SHOULDER,0.43815940618515015,0.5907272100448608,-0.08141590654850006,0,0
34,LEFT_ELBOW,0.4469468891620636,0.6120563745498657,0.14777079224586487,0,0
34,RIGHT_ELBOW,0.44938600063323975,0.6417408585548401,-0.1249057874083519,0,0
34,LEFT_WRIST,0.4786377251148224,0.6100733876228333,0.16578179597854614,0,0
34,RIGHT_WRIST,0.4796842932701111,0.6242966055870056,-0.13454918563365936,0,0
34,LEFT_PINKY,0.48946523666381836,0.6024450063705444,0.17284822463989258,0,0
34,RIGHT_PINKY,0.4875096380710602,0.6229233145713806,-0.14933566749095917,0,0
34,LEFT_INDEX,0.48983776569366455,0.6025181412696838,0.15931886434555054,0,0
34,RIGHT_INDEX,0.48828667402267456,0.6173207759857178,-0.14416466653347015,0,0
34,LEFT_THUMB,0.4864908754825592,0.6062150001525879,0.16049732267856598,0,0
34,RIGHT_THUMB,0.48554787039756775,0.6176676154136658,-0.13181349635124207,0,0
34,LEFT_HIP,0.412241667509079,0.7079952955245972,0.05694098770618439,0,0
34,RIGHT_HIP,0.42836248874664307,0.7122753262519836,-0.05696460232138634,0,0
34,LEFT_KNEE,0.41636788845062256,0.7807004451751709,0.14330396056175232,0,0
34,RIGHT_KNEE,0.449105829000473,0.7954166531562805,-0.0821053758263588,0,0
34,LEFT_ANKLE,0.3969489336013794,0.8544917702674866,0.21118001639842987,0,0
34,RIGHT_ANKLE,0.4280933141708374,0.8927870988845825,-0.08769509941339493,0,0
34,LEFT_HEEL,0.3892468810081482,0.8701384663581848,0.21688023209571838,0,0
34,RIGHT_HEEL,0.41906341910362244,0.9117900729179382,-0.08852916210889816,0,0
34,LEFT_FOOT_INDEX,0.41470643877983093,0.8687784075737,0.21271567046642303,0,0
34,RIGHT_FOOT_INDEX,0.4514482915401459,0.9102455973625183,-0.1096634492278099,0,0
35,NOSE,0.45143061876296997,0.5515995621681213,-0.00283512519672513,0,0
35,LEFT_EYE_INNER,0.4487331509590149,0.5412482619285583,0.0033309285063296556,0,0
35,LEFT_EYE,0.44788989424705505,0.5407171845436096,0.003320651827380061,0,0
35,LEFT_EYE_OUTER,0.447012335062027,0.5401631593704224,0.0033202245831489563,0,0
35,RIGHT_EYE_INNER,0.4496521055698395,0.542159378528595,-0.013526503928005695,0,0
35,RIGHT_EYE,0.4492925703525543,0.5422195196151733,-0.013514150865375996,0,0
35,RIGHT_EYE_OUTER,0.4488595724105835,0.5422635674476624,-0.013516048900783062,0,0
35,LEFT_EAR,0.44187402725219727,0.5430417656898499,0.03370964899659157,0,0
35,RIGHT_EAR,0.4439186155796051,0.545109748840332,-0.04232041910290718,0,0
35,MOUTH_LEFT,0.44876399636268616,0.558630108833313,0.010739699937403202,0,0
35,MOUTH_RIGHT,0.44966208934783936,0.5591970086097717,-0.011491324752569199,0,0
35,LEFT_SHOULDER,0.4304649233818054,0.5793712139129639,0.08272330462932587,0,0
35,RIGHT_SHOULDER,0.43210476636886597,0.5880596041679382,-0.08117034286260605,0,0
35,LEFT_ELBOW,0.45685893297195435,0.6015305519104004,0.1381264179944992,0,0
35,RIGHT_ELBOW,0.4481930732727051,0.6360619068145752,-0.14209343492984772,0,0
35,LEFT_WRIST,0.48573416471481323,0.5970857739448547,0.12410006672143936,0,0
35,RIGHT_WRIST,0.47857943177223206,0.6154310703277588,-0.1735103726387024,0,0
35,LEFT_PINKY,0.49382147192955017,0.5918862223625183,0.12585099041461945,0,0
35,RIGHT_PINKY,0.48688551783561707,0.6131412982940674,-0.1920391023159027,0,0
35,LEFT_INDEX,0.49408528208732605,0.5899481177330017,0.11251682788133621,0,0
35,RIGHT_INDEX,0.4882054924964905,0.6062224507331848,-0.1857638657093048,0,0
35,LEFT_THUMB,0.4905633330345154,0.5930425524711609,0.11795622855424881,0,0
35,RIGHT_THUMB,0.4852749705314636,0.607314944267273,-0.1707589030265808,0,0
35,LEFT_HIP,0.4128049612045288,0.7076376676559448,0.05686433985829353,0,0
35,RIGHT_HIP,0.4271683990955353,0.7108046412467957,-0.056889936327934265,0,0
35,LEFT_KNEE,0.41761481761932373,0.7807709574699402,0.12407027930021286,0,0
35,RIGHT_KNEE,0.4491465389728546,0.7903284430503845,-0.09040310978889465,0,0
35,LEFT_ANKLE,0.3964858949184418,0.8549118638038635,0.18425989151000977,0,0
35,RIGHT_ANKLE,0.42918461561203003,0.8888115882873535,-0.09766856580972672,0,0
35,LEFT_HEEL,0.3891301155090332,0.8705234527587891,0.18851551413536072,0,0
35,RIGHT_HEEL,0.41986164450645447,0.9055016040802002,-0.09907574206590652,0,0
35,LEFT_FOOT_INDEX,0.41390618681907654,0.8711540102958679,0.1802835315465927,0,0
35,RIGHT_FOOT_INDEX,0.45142558217048645,0.9101581573486328,-0.12137124687433243,0,0
36,NOSE,0.4512852132320404,0.5525450110435486,-0.0038472230080515146,0,0
36,LEFT_EYE_INNER,0.4487167298793793,0.5422236919403076,0.003965846262872219,0,0
36,LEFT_EYE,0.44807323813438416,0.5417661070823669,0.0039654881693422794,0,0
36,LEFT_EYE_OUTER,0.4474239647388458,0.541263222694397,0.003980016801506281,0,0
36,RIGHT_EYE_INNER,0.4493504464626312,0.5426594018936157,-0.01289747841656208,0,0
36,RIGHT_EYE,0.4485548138618469,0.5425424575805664,-0.012884605675935745,0,0
36,RIGHT_EYE_OUTER,0.44761568307876587,0.5424445867538452,-0.012892906554043293,0,0
36,LEFT_EAR,0.44198399782180786,0.5435922145843506,0.03792727738618851,0,0
36,RIGHT_EAR,0.4414421021938324,0.5453131198883057,-0.03913358598947525,0,0
36,MOUTH_LEFT,0.44876545667648315,0.5592608451843262,0.011403338983654976,0,0
36,MOUTH_RIGHT,0.44920259714126587,0.5593626499176025,-0.010639658197760582,0,0
36,LEFT_SHOULDER,0.43704092502593994,0.5795727372169495,0.0863008126616478,0,0
36,RIGHT_SHOULDER,0.42647579312324524,0.5828880071640015,-0.08083795756101608,0,0
36,LEFT_ELBOW,0.4657096266746521,0.5956735610961914,0.1266254335641861,0,0
36,RIGHT_ELBOW,0.4417653977870941,0.6282633543014526,-0.1523423045873642,0,0
36,LEFT_WRIST,0.49875572323799133,0.5796171426773071,0.10164718329906464,0,0
36,RIGHT_WRIST,0.4751219153404236,0.6089188456535339,-0.18235047161579132,0,0
36,LEFT_PINKY,0.5069750547409058,0.5742243528366089,0.1011229082942009,0,0
36,RIGHT_PINKY,0.4847053587436676,0.6068224310874939,-0.19941087067127228,0,0
36,LEFT_INDEX,0.5060651302337646,0.5704988241195679,0.08963683992624283,0,0
36,RIGHT_INDEX,0.4852432608604431,0.6000873446464539,-0.1930568367242813,0,0
36,LEFT_THUMB,0.5029909014701843,0.5734496116638184,0.09547488391399384,0,0
36,RIGHT_THUMB,0.48288610577583313,0.6006708741188049,-0.17928028106689453,0,0
36,LEFT_HIP,0.4156387746334076,0.70623379945755,0.05527087301015854,0,0
36,RIGHT_HIP,0.4239818751811981,0.7081233263015747,-0.05531967431306839,0,0
36,LEFT_KNEE,0.41861310601234436,0.7808699607849121,0.0952274426817894,0,0
36,RIGHT_KNEE,0.4517320990562439,0.7850664258003235,-0.08487257361412048,0,0
36,LEFT_ANKLE,0.39596477150917053,0.8560044765472412,0.14130735397338867,0,0
36,RIGHT_ANKLE,0.4336361885070801,0.8827629089355469,-0.08228696137666702,0,0
36,LEFT_HEEL,0.38862571120262146,0.8715584874153137,0.1443149447441101,0,0
36,RIGHT_HEEL,0.42364493012428284,0.8932851552963257,-0.08254341036081314,0,0
36,LEFT_FOOT_INDEX,0.4125307500362396,0.8740137219429016,0.13407593965530396,0,0
36,RIGHT_FOOT_INDEX,0.45161721110343933,0.9101904630661011,-0.10307348519563675,0,0
37,NOSE,0.4512193500995636,0.5526736378669739,-0.004070809110999107,0,0
37,LEFT_EYE_INNER,0.44874122738838196,0.5423962473869324,0.003900812705978751,0,0
37,LEFT_EYE,0.448207825422287,0.5419633388519287,0.0039019074756652117,0,0
37,LEFT_EYE_OUTER,0.4476580321788788,0.541476309299469,0.003920083865523338,0,0
37,RIGHT_EYE_INNER,0.44920358061790466,0.5427085161209106,-0.012755717150866985,0,0
37,RIGHT_EYE,0.4481968879699707,0.5425515174865723,-0.012743021361529827,0,0
37,RIGHT_EYE_OUTER,0.4470783770084381,0.542419970035553,-0.012752712704241276,0,0
37,LEFT_EAR,0.44201841950416565,0.5438473224639893,0.03935212641954422,0,0
37,RIGHT_EAR,0.44056326150894165,0.5454460382461548,-0.03785625845193863,0,0
37,MOUTH_LEFT,0.44883427023887634,0.5593871474266052,0.011247867718338966,0,0
37,MOUTH_RIGHT,0.44900184869766235,0.5593380928039551,-0.010503377765417099,0,0
37,LEFT_SHOULDER,0.43849536776542664,0.579806923866272,0.0868569165468216,0,0
37,RIGHT_SHOULDER,0.4254993200302124,0.5813142657279968,-0.0803600326180458,0,0
37,LEFT_ELBOW,0.4661755859851837,0.5950136780738831,0.1198805719614029,0,0
37,RIGHT_ELBOW,0.43968746066093445,0.626578152179718,-0.15168944001197815,0,0
37,LEFT_WRIST,0.5005772113800049,0.5737857818603516,0.08892948925495148,0,0
37,RIGHT_WRIST,0.473774790763855,0.6079647541046143,-0.18133214116096497,0,0
37,LEFT_PINKY,0.5082410573959351,0.5717965364456177,0.08730702847242355,0,0
37,RIGHT_PINKY,0.48376786708831787,0.6063728332519531,-0.19830074906349182,0,0
37,LEFT_INDEX,0.507443368434906,0.5669675469398499,0.07597322016954422,0,0
37,RIGHT_INDEX,0.4841608703136444,0.5996093153953552,-0.19202369451522827,0,0
37,LEFT_THUMB,0.5043133497238159,0.5708911418914795,0.08258405327796936,0,0
37,RIGHT_THUMB,0.48191240429878235,0.6001428365707397,-0.17832422256469727,0,0
37,LEFT_HIP,0.4167661666870117,0.7055002450942993,0.054663632065057755,0,0
37,RIGHT_HIP,0.4220580756664276,0.7066326141357422,-0.05472498759627342,0,0
37,LEFT_KNEE,0.4185887277126312,0.7809417843818665,0.0930786281824112,0,0
37,RIGHT_KNEE,0.4527305066585541,0.7835466265678406,-0.0826338604092598,0,0
37,LEFT_ANKLE,0.39541199803352356,0.8574387431144714,0.13801255822181702,0,0
37,RIGHT_ANKLE,0.43494048714637756,0.8817113637924194,-0.07800562679767609,0,0
37,LEFT_HEEL,0.388406366109848,0.8733921051025391,0.14092834293842316,0,0
37,RIGHT_HEEL,0.4254460334777832,0.8921727538108826,-0.07804584503173828,0,0
37,LEFT_FOOT_INDEX,0.4123176634311676,0.8747517466545105,0.13069842755794525,0,0
37,RIGHT_FOOT_INDEX,0.4516529440879822,0.9104931950569153,-0.09824945032596588,0,0
38,NOSE,0.4511435627937317,0.5536107420921326,0.005326033104211092,0,0
38,LEFT_EYE_INNER,0.44868817925453186,0.543390691280365,0.011146492324769497,0,0
38,LEFT_EYE,0.44811487197875977,0.542872965335846,0.011145777069032192,0,0
38,LEFT_EYE_OUTER,0.4475201964378357,0.5423190593719482,0.011151549406349659,0,0
38,RIGHT_EYE_INNER,0.4490073621273041,0.5436593890190125,-0.004921100568026304,0,0
38,RIGHT_EYE,0.44800737500190735,0.5433745980262756,-0.004913224373012781,0,0
38,RIGHT_EYE_OUTER,0.4469541907310486,0.5431194305419922,-0.004927098285406828,0,0
38,LEFT_EAR,0.4419472813606262,0.5444098711013794,0.04218721389770508,0,0
38,RIGHT_EAR,0.44060182571411133,0.5460608601570129,-0.03019426390528679,0,0
38,MOUTH_LEFT,0.44880732893943787,0.5599732995033264,0.01775561459362507,0,0
38,MOUTH_RIGHT,0.44863277673721313,0.5599502325057983,-0.0033295410685241222,0,0
38,LEFT_SHOULDER,0.43732041120529175,0.5797476768493652,0.0872163325548172,0,0
38,RIGHT_SHOULDER,0.426951140165329,0.5819399356842041,-0.06907396018505096,0,0
38,LEFT_ELBOW,0.46366170048713684,0.587543249130249,0.12883998453617096,0,0
38,RIGHT_ELBOW,0.43474408984184265,0.6228045225143433,-0.14238370954990387,0,0
38,LEFT_WRIST,0.49335619807243347,0.573032021522522,0.11783936619758606,0,0
38,RIGHT_WRIST,0.46839770674705505,0.6033943891525269,-0.17944522202014923,0,0
38,LEFT_PINKY,0.4999595582485199,0.5745875239372253,0.12396913021802902,0,0
38,RIGHT_PINKY,0.4784933030605316,0.6010256409645081,-0.19513195753097534,0,0
38,LEFT_INDEX,0.499756783246994,0.5723206400871277,0.11644311994314194,0,0
38,RIGHT_INDEX,0.47915971279144287,0.5945100784301758,-0.1878824383020401,0,0
38,LEFT_THUMB,0.49621257185935974,0.5746148824691772,0.11469892412424088,0,0
38,RIGHT_THUMB,0.476753294467926,0.5951735377311707,-0.1761438250541687,0,0
38,LEFT_HIP,0.4166046679019928,0.7048894166946411,0.05200839787721634,0,0
38,RIGHT_HIP,0.42257261276245117,0.7061783075332642,-0.052080631256103516,0,0
38,LEFT_KNEE,0.4198669493198395,0.7806622982025146,0.07986284792423248,0,0
38,RIGHT_KNEE,0.454867422580719,0.7805327773094177,-0.07846082746982574,0,0
38,LEFT_ANKLE,0.3954988420009613,0.8577257394790649,0.11342594027519226,0,0
38,RIGHT_ANKLE,0.44008079171180725,0.8750497698783875,-0.07601823657751083,0,0
38,LEFT_HEEL,0.38809043169021606,0.8734568953514099,0.11533011496067047,0,0
38,RIGHT_HEEL,0.42919909954071045,0.8861530423164368,-0.07615730166435242,0,0
38,LEFT_FOOT_INDEX,0.41177091002464294,0.87454754114151,0.10395793616771698,0,0
38,RIGHT_FOOT_INDEX,0.45625680685043335,0.9061141014099121,-0.09781665354967117,0,0
39,NOSE,0.4509755074977875,0.5556929707527161,-0.006795623805373907,0,0
39,LEFT_EYE_INNER,0.4486311078071594,0.5457828044891357,0.0009849057532846928,0,0
39,LEFT_EYE,0.4480358362197876,0.5451802015304565,0.0009852914372459054,0,0
39,LEFT_EYE_OUTER,0.44742080569267273,0.544511079788208,0.0010031369747593999,0,0
39,RIGHT_EYE_INNER,0.4488002359867096,0.5459152460098267,-0.015842843800783157,0,0
39,RIGHT_EYE,0.4477861523628235,0.5454619526863098,-0.015839384868741035,0,0
39,RIGHT_EYE_OUTER,0.4467615783214569,0.5449932813644409,-0.015853770077228546,0,0
39,LEFT_EAR,0.44189217686653137,0.5457582473754883,0.0390012152493,0,0
39,RIGHT_EAR,0.4404977858066559,0.5472739934921265,-0.03707653284072876,0,0
39,MOUTH_LEFT,0.4486788809299469,0.5618540644645691,0.008601313456892967,0,0
39,MOUTH_RIGHT,0.44801729917526245,0.5620869994163513,-0.013412176631391048,0,0
39,LEFT_SHOULDER,0.43588873744010925,0.5803262591362,0.08672484010457993,0,0
39,RIGHT_SHOULDER,0.42466485500335693,0.5824563503265381,-0.07689940929412842,0,0
39,LEFT_ELBOW,0.46625322103500366,0.5879067778587341,0.12774600088596344,0,0
39,RIGHT_ELBOW,0.4293641448020935,0.6158475875854492,-0.16235490143299103,0,0
39,LEFT_WRIST,0.4932282567024231,0.5681453347206116,0.11524436622858047,0,0
39,RIGHT_WRIST,0.4651699662208557,0.5981449484825134,-0.19867298007011414,0,0
39,LEFT_PINKY,0.5008290410041809,0.5605037212371826,0.11768174171447754,0,0
39,RIGHT_PINKY,0.47358739376068115,0.5958035588264465,-0.21582180261611938,0,0
39,LEFT_INDEX,0.4997183382511139,0.5586637258529663,0.10777422785758972,0,0
39,RIGHT_INDEX,0.47499626874923706,0.5895565748214722,-0.20918209850788116,0,0
39,LEFT_THUMB,0.49625054001808167,0.5630988478660583,0.11006618291139603,0,0
39,RIGHT_THUMB,0.4728092849254608,0.5909200310707092,-0.1956728994846344,0,0
39,LEFT_HIP,0.41679370403289795,0.7048306465148926,0.05231679230928421,0,0
39,RIGHT_HIP,0.42163366079330444,0.7064730525016785,-0.05238456279039383,0,0
39,LEFT_KNEE,0.42121466994285583,0.7808016538619995,0.07856341451406479,0,0
39,RIGHT_KNEE,0.4556020200252533,0.7778290510177612,-0.07841626554727554,0,0
39,LEFT_ANKLE,0.3952445685863495,0.8577266335487366,0.11084625869989395,0,0
39,RIGHT_ANKLE,0.44681230187416077,0.8757500648498535,-0.07509119063615799,0,0
39,LEFT_HEEL,0.3878507912158966,0.873467743396759,0.11228573322296143,0,0
39,RIGHT_HEEL,0.437950998544693,0.8894392848014832,-0.0756039246916771,0,0
39,LEFT_FOOT_INDEX,0.41191908717155457,0.8734869956970215,0.0982215479016304,0,0
39,RIGHT_FOOT_INDEX,0.4681771695613861,0.9008849263191223,-0.09819026291370392,0,0
40,NOSE,0.4515012204647064,0.5573151707649231,-0.013641553930938244,0,0
40,LEFT_EYE_INNER,0.4496093988418579,0.5474845767021179,-0.004538862966001034,0,0
40,LEFT_EYE,0.4491920471191406,0.546868085861206,-0.00453718239441514,0,0
40,LEFT_EYE_OUTER,0.4487207233905792,0.5461905002593994,-0.004509766586124897,0,0
40,RIGHT_EYE_INNER,0.44911059737205505,0.5474951267242432,-0.02143147587776184,0,0
40,RIGHT_EYE,0.44806620478630066,0.5469374060630798,-0.021428989246487617,0,0
40,RIGHT_EYE_OUTER,0.44696319103240967,0.5463383197784424,-0.02144157886505127,0,0
40,LEFT_EAR,0.4426843523979187,0.546805739402771,0.03808801621198654,0,0
40,RIGHT_EAR,0.44072437286376953,0.5479100346565247,-0.038817860186100006,0,0
40,MOUTH_LEFT,0.44911664724349976,0.5638055205345154,0.0034743279684334993,0,0
40,MOUTH_RIGHT,0.44808998703956604,0.5641124248504639,-0.018730103969573975,0,0
40,LEFT_SHOULDER,0.43867555260658264,0.5811986923217773,0.08523423224687576,0,0
40,RIGHT_SHOULDER,0.4233004152774811,0.5825738906860352,-0.07948926091194153,0,0
40,LEFT_ELBOW,0.46897852420806885,0.5895152688026428,0.11214984953403473,0,0
40,RIGHT_ELBOW,0.4214789569377899,0.612037718296051,-0.16786076128482819,0,0
40,LEFT_WRIST,0.4905051589012146,0.5740405321121216,0.07917284220457077,0,0
40,RIGHT_WRIST,0.454097718000412,0.5956595540046692,-0.2049885392189026,0,0
40,LEFT_PINKY,0.4978119134902954,0.5684910416603088,0.07711593061685562,0,0
40,RIGHT_PINKY,0.46285584568977356,0.5938826203346252,-0.22307449579238892,0,0
40,LEFT_INDEX,0.4973272979259491,0.5648874044418335,0.06549903005361557,0,0
40,RIGHT_INDEX,0.4640255868434906,0.5885596871376038,-0.21738629043102264,0,0
40,LEFT_THUMB,0.4942740201950073,0.5667678117752075,0.07234396040439606,0,0
40,RIGHT_THUMB,0.46121975779533386,0.5888713598251343,-0.20243360102176666,0,0
40,LEFT_HIP,0.41811254620552063,0.7048377990722656,0.05260537192225456,0,0
40,RIGHT_HIP,0.4210761785507202,0.7065141201019287,-0.05267322063446045,0,0
40,LEFT_KNEE,0.42171618342399597,0.7818208932876587,0.07261641323566437,0,0
40,RIGHT_KNEE,0.4562665522098541,0.7767294049263,-0.07718126475811005,0,0
40,LEFT_ANKLE,0.39522072672843933,0.8580712080001831,0.10086704045534134,0,0
40,RIGHT_ANKLE,0.4559096395969391,0.8769461512565613,-0.0785764679312706,0,0
40,LEFT_HEEL,0.3877129554748535,0.8737700581550598,0.10164722800254822,0,0
40,RIGHT_HEEL,0.4496998190879822,0.891960620880127,-0.08068619668483734,0,0
40,LEFT_FOOT_INDEX,0.41232964396476746,0.8735291957855225,0.08251261711120605,0,0
40,RIGHT_FOOT_INDEX,0.47963225841522217,0.8916986584663391,-0.11261503398418427,0,0
41,NOSE,0.45181211829185486,0.558009147644043,-0.014472097158432007,0,0
41,LEFT_EYE_INNER,0.45016029477119446,0.5481442213058472,-0.005353183019906282,0,0
41,LEFT_EYE,0.44979992508888245,0.5475102663040161,-0.00535094877704978,0,0
41,LEFT_EYE_OUTER,0.44936296343803406,0.5468173027038574,-0.005322396755218506,0,0
41,RIGHT_EYE_INNER,0.44937753677368164,0.5481781363487244,-0.02238750085234642,0,0
41,RIGHT_EYE,0.448338121175766,0.5476084351539612,-0.02238442189991474,0,0
41,RIGHT_EYE_OUTER,0.4472130537033081,0.5469834208488464,-0.02239513397216797,0,0
41,LEFT_EAR,0.44314783811569214,0.5472326278686523,0.03748301789164543,0,0
41,RIGHT_EAR,0.4408053755760193,0.5482195615768433,-0.04010738804936409,0,0
41,MOUTH_LEFT,0.44939807057380676,0.5646130442619324,0.0026991881895810366,0,0
41,MOUTH_RIGHT,0.44818857312202454,0.5649606585502625,-0.019717592746019363,0,0
41,LEFT_SHOULDER,0.43946415185928345,0.5815243721008301,0.08459661900997162,0,0
41,RIGHT_SHOULDER,0.42303726077079773,0.5825942754745483,-0.08140233904123306,0,0
41,LEFT_ELBOW,0.4693449139595032,0.5896250605583191,0.11245430260896683,0,0
41,RIGHT_ELBOW,0.42072269320487976,0.6109325289726257,-0.16923834383487701,0,0
41,LEFT_WRIST,0.489666610956192,0.5751602649688721,0.08050855249166489,0,0
41,RIGHT_WRIST,0.45336467027664185,0.595193088054657,-0.20551566779613495,0,0
41,LEFT_PINKY,0.49673569202423096,0.569918155670166,0.07869095355272293,0,0
41,RIGHT_PINKY,0.46221110224723816,0.5932794213294983,-0.22370852530002594,0,0
41,LEFT_INDEX,0.496328741312027,0.5663129687309265,0.06669195741415024,0,0
41,RIGHT_INDEX,0.4633186161518097,0.5880851745605469,-0.21794292330741882,0,0
41,LEFT_THUMB,0.49356988072395325,0.5676222443580627,0.07357197254896164,0,0
41,RIGHT_THUMB,0.4610522985458374,0.5883843898773193,-0.202901229262352,0,0
41,LEFT_HIP,0.4185813367366791,0.7047996520996094,0.052631642669439316,0,0
41,RIGHT_HIP,0.4209011197090149,0.7065140604972839,-0.05271351337432861,0,0
41,LEFT_KNEE,0.42190495133399963,0.7824082970619202,0.07341516017913818,0,0
41,RIGHT_KNEE,0.4564991891384125,0.7767866253852844,-0.0766117200255394,0,0
41,LEFT_ANKLE,0.39510753750801086,0.858424186706543,0.10172796994447708,0,0
41,RIGHT_ANKLE,0.4565446078777313,0.8779014348983765,-0.07886437326669693,0,0
41,LEFT_HEEL,0.3876764476299286,0.8743442296981812,0.10251430422067642,0,0
41,RIGHT_HEEL,0.450334370136261,0.8932970762252808,-0.08104775846004486,0,0
41,LEFT_FOOT_INDEX,0.41210678219795227,0.873528778553009,0.08354345709085464,0,0
41,RIGHT_FOOT_INDEX,0.4809001386165619,0.8904522061347961,-0.11293885856866837,0,0
42,NOSE,0.4530228078365326,0.5593032836914062,-0.01956971548497677,0,0
42,LEFT_EYE_INNER,0.4518543481826782,0.5493359565734863,-0.010075795464217663,0,0
42,LEFT_EYE,0.4515446424484253,0.5485479235649109,-0.01007063128054142,0,0
42,LEFT_EYE_OUTER,0.45116615295410156,0.5476569533348083,-0.010034090839326382,0,0
42,RIGHT_EYE_INNER,0.45087718963623047,0.5495197772979736,-0.02668583393096924,0,0
42,RIGHT_EYE,0.44979602098464966,0.5488819479942322,-0.02667924202978611,0,0
42,RIGHT_EYE_OUTER,0.44861090183258057,0.5481187701225281,-0.026685792952775955,0,0
42,LEFT_EAR,0.4449416995048523,0.5474052429199219,0.036587417125701904,0,0
42,RIGHT_EAR,0.4418150782585144,0.5484204888343811,-0.03948605805635452,0,0
42,MOUTH_LEFT,0.45061203837394714,0.5657253861427307,-0.0008901634137146175,0,0
42,MOUTH_RIGHT,0.44916418194770813,0.5663294196128845,-0.02261718548834324,0,0
42,LEFT_SHOULDER,0.4423002302646637,0.5822558999061584,0.08274666965007782,0,0
42,RIGHT_SHOULDER,0.4226149618625641,0.5825740694999695,-0.07969196885824203,0,0
42,LEFT_ELBOW,0.47069108486175537,0.593017041683197,0.0539383627474308,0,0
42,RIGHT_ELBOW,0.41605111956596375,0.6127285361289978,-0.16495653986930847,0,0
42,LEFT_WRIST,0.4878682792186737,0.580176830291748,-0.03878256306052208,0,0
42,RIGHT_WRIST,0.4484316110610962,0.5940145254135132,-0.19703178107738495,0,0
42,LEFT_PINKY,0.4915315806865692,0.5748369693756104,-0.051219642162323,0,0
42,RIGHT_PINKY,0.45658352971076965,0.5931084752082825,-0.21420231461524963,0,0
42,LEFT_INDEX,0.48978132009506226,0.5716100335121155,-0.054118748754262924,0,0
42,RIGHT_INDEX,0.4579267203807831,0.5879980325698853,-0.20923568308353424,0,0
42,LEFT_THUMB,0.4876462519168854,0.5739947557449341,-0.04330732300877571,0,0
42,RIGHT_THUMB,0.45567086338996887,0.5882737040519714,-0.1944834291934967,0,0
42,LEFT_HIP,0.4198378622531891,0.7047077417373657,0.05281655490398407,0,0
42,RIGHT_HIP,0.42078834772109985,0.7065038084983826,-0.052885353565216064,0,0
42,LEFT_KNEE,0.42242875695228577,0.7826669216156006,0.07214562594890594,0,0
42,RIGHT_KNEE,0.456061452627182,0.7778804898262024,-0.0721297636628151,0,0
42,LEFT_ANKLE,0.3950718939304352,0.8584975004196167,0.09729257225990295,0,0
42,RIGHT_ANKLE,0.4637211561203003,0.8782781362533569,-0.07437584549188614,0,0
42,LEFT_HEEL,0.3871524930000305,0.8748705983161926,0.097914919257164,0,0
42,RIGHT_HEEL,0.45855870842933655,0.896109938621521,-0.07724522799253464,0,0
42,LEFT_FOOT_INDEX,0.4118957817554474,0.8733140826225281,0.07871654629707336,0,0
42,RIGHT_FOOT_INDEX,0.4878890812397003,0.8832435607910156,-0.10692906379699707,0,0
43,NOSE,0.45455819368362427,0.5600014925003052,-0.024922212585806847,0,0
43,LEFT_EYE_INNER,0.4534660875797272,0.5511927604675293,-0.015326869674026966,0,0
43,LEFT_EYE,0.4532965123653412,0.5504811406135559,-0.015316525474190712,0,0
43,LEFT_EYE_OUTER,0.45305660367012024,0.54962158203125,-0.015279784798622131,0,0
43,RIGHT_EYE_INNER,0.4521673321723938,0.5512920022010803,-0.03123195841908455,0,0
43,RIGHT_EYE,0.4510326385498047,0.5506529211997986,-0.03122887574136257,0,0
43,RIGHT_EYE_OUTER,0.4497438967227936,0.5498574376106262,-0.031240399926900864,0,0
43,LEFT_EAR,0.4475654065608978,0.5488139986991882,0.03334103524684906,0,0
43,RIGHT_EAR,0.44290581345558167,0.5492690205574036,-0.039550986140966415,0,0
43,MOUTH_LEFT,0.45285674929618835,0.5663056373596191,-0.00559161277487874,0,0
43,MOUTH_RIGHT,0.45111358165740967,0.566867470741272,-0.02638472430408001,0,0
43,LEFT_SHOULDER,0.447413831949234,0.5848804116249084,0.07909618318080902,0,0
43,RIGHT_SHOULDER,0.42176446318626404,0.582642138004303,-0.07501127570867538,0,0
43,LEFT_ELBOW,0.472228080034256,0.5988713502883911,0.04092518240213394,0,0
43,RIGHT_ELBOW,0.41050654649734497,0.6121666431427002,-0.1621471792459488,0,0
43,LEFT_WRIST,0.48736363649368286,0.58751380443573,-0.057458002120256424,0,0
43,RIGHT_WRIST,0.44334477186203003,0.5944687724113464,-0.19973869621753693,0,0
43,LEFT_PINKY,0.4908537268638611,0.5774638056755066,-0.07057885825634003,0,0
43,RIGHT_PINKY,0.45287173986434937,0.5939733982086182,-0.21653158962726593,0,0
43,LEFT_INDEX,0.4888477921485901,0.5721235871315002,-0.07212898880243301,0,0
43,RIGHT_INDEX,0.4544478952884674,0.5898355841636658,-0.20999431610107422,0,0
43,LEFT_THUMB,0.48710718750953674,0.5746933221817017,-0.06165406480431557,0,0
43,RIGHT_THUMB,0.4518967568874359,0.5900335311889648,-0.19646821916103363,0,0
43,LEFT_HIP,0.42399877309799194,0.7043226957321167,0.05132172629237175,0,0
43,RIGHT_HIP,0.42041733860969543,0.7061878442764282,-0.051349978893995285,0,0
43,LEFT_KNEE,0.4230663478374481,0.7829465270042419,0.06906178593635559,0,0
43,RIGHT_KNEE,0.4559987187385559,0.7783753275871277,-0.06766052544116974,0,0
43,LEFT_ANKLE,0.39500516653060913,0.8585440516471863,0.09456665068864822,0,0
43,RIGHT_ANKLE,0.4665473401546478,0.8787550926208496,-0.07101450860500336,0,0
43,LEFT_HEEL,0.38691750168800354,0.8749830722808838,0.09520955383777618,0,0
43,RIGHT_HEEL,0.4611298739910126,0.8971428871154785,-0.07380402833223343,0,0
43,LEFT_FOOT_INDEX,0.4118807017803192,0.8733876943588257,0.07442739605903625,0,0
43,RIGHT_FOOT_INDEX,0.4893147349357605,0.8854098916053772,-0.1055186465382576,0,0
44,NOSE,0.45796510577201843,0.5614815950393677,-0.029613876715302467,0,0
44,LEFT_EYE_INNER,0.4560930132865906,0.5526609420776367,-0.02077522501349449,0,0
44,LEFT_EYE,0.45594918727874756,0.5519936680793762,-0.02076004631817341,0,0
44,LEFT_EYE_OUTER,0.4557495713233948,0.5511752367019653,-0.020719090476632118,0,0
44,RIGHT_EYE_INNER,0.45460245013237,0.5527923107147217,-0.03584538772702217,0,0
44,RIGHT_EYE,0.45343583822250366,0.5522567629814148,-0.03584711253643036,0,0
44,RIGHT_EYE_OUTER,0.45217403769493103,0.5515791177749634,-0.03585713356733322,0,0
44,LEFT_EAR,0.4505772292613983,0.5500760078430176,0.026734609156847,0,0
44,RIGHT_EAR,0.44550392031669617,0.5504509210586548,-0.041961245238780975,0,0
44,MOUTH_LEFT,0.4567706286907196,0.5676073431968689,-0.01044758502393961,0,0
44,MOUTH_RIGHT,0.454840749502182,0.5680416822433472,-0.03029053844511509,0,0
44,LEFT_SHOULDER,0.44920969009399414,0.5872292518615723,0.07270842045545578,0,0
44,RIGHT_SHOULDER,0.4218631684780121,0.5836273431777954,-0.0696798786520958,0,0
44,LEFT_ELBOW,0.47034165263175964,0.606236457824707,0.04299448803067207,0,0
44,RIGHT_ELBOW,0.4056590497493744,0.6112995147705078,-0.15671536326408386,0,0
44,LEFT_WRIST,0.48634397983551025,0.6007363200187683,-0.047387681901454926,0,0
44,RIGHT_WRIST,0.43865999579429626,0.5964494347572327,-0.19718338549137115,0,0
44,LEFT_PINKY,0.49069225788116455,0.5955002903938293,-0.0590752474963665,0,0
44,RIGHT_PINKY,0.44732725620269775,0.594389796257019,-0.21387077867984772,0,0
44,LEFT_INDEX,0.4892435371875763,0.5924295783042908,-0.061064645648002625,0,0
44,RIGHT_INDEX,0.4489148259162903,0.5908781886100769,-0.2060823291540146,0,0
44,LEFT_THUMB,0.48712366819381714,0.5946626663208008,-0.05112335830926895,0,0
44,RIGHT_THUMB,0.447091668844223,0.5916104316711426,-0.193319171667099,0,0
44,LEFT_HIP,0.4261336624622345,0.7050016522407532,0.049733273684978485,0,0
44,RIGHT_HIP,0.42264699935913086,0.7068606019020081,-0.049754489213228226,0,0
44,LEFT_KNEE,0.42373713850975037,0.7834904789924622,0.07238791882991791,0,0
44,RIGHT_KNEE,0.45727473497390747,0.7790733575820923,-0.07726931571960449,0,0
44,LEFT_ANKLE,0.3949753940105438,0.8585657477378845,0.0984417200088501,0,0
44,RIGHT_ANKLE,0.4684435725212097,0.8782056570053101,-0.08792600780725479,0,0
44,LEFT_HEEL,0.3865033984184265,0.8749707937240601,0.09937436133623123,0,0
44,RIGHT_HEEL,0.463013231754303,0.8971748352050781,-0.09080102294683456,0,0
44,LEFT_FOOT_INDEX,0.4117370545864105,0.8734093904495239,0.07970518618822098,0,0
44,RIGHT_FOOT_INDEX,0.490097314119339,0.8869063854217529,-0.12631912529468536,0,0
45,NOSE,0.4596104025840759,0.5634278059005737,-0.03285558149218559,0,0
45,LEFT_EYE_INNER,0.4582292437553406,0.5548347234725952,-0.023527612909674644,0,0
45,LEFT_EYE,0.4581246078014374,0.5543410778045654,-0.023509610444307327,0,0
45,LEFT_EYE_OUTER,0.45794251561164856,0.5537543892860413,-0.023471536114811897,0,0
45,RIGHT_EYE_INNER,0.45665204524993896,0.5545530915260315,-0.03796844929456711,0,0
45,RIGHT_EYE,0.45540156960487366,0.5538885593414307,-0.03797699138522148,0,0
45,RIGHT_EYE_OUTER,0.4540694057941437,0.553155779838562,-0.03798668831586838,0,0
45,LEFT_EAR,0.45270130038261414,0.5525946617126465,0.025200655683875084,0,0
45,RIGHT_EAR,0.4470653235912323,0.5519041419029236,-0.04128707945346832,0,0
45,MOUTH_LEFT,0.45841842889785767,0.5695438385009766,-0.01324169710278511,0,0
45,MOUTH_RIGHT,0.45635393261909485,0.5696292519569397,-0.03224733844399452,0,0
45,LEFT_SHOULDER,0.4540056586265564,0.5904061794281006,0.07297376543283463,0,0
45,RIGHT_SHOULDER,0.42089176177978516,0.5856434106826782,-0.06481852382421494,0,0
45,LEFT_ELBOW,0.47825726866722107,0.6076353192329407,0.05658002197742462,0,0
45,RIGHT_ELBOW,0.4022766649723053,0.6108497381210327,-0.15451590716838837,0,0
45,LEFT_WRIST,0.49224919080734253,0.6071578860282898,-0.018583064898848534,0,0
45,RIGHT_WRIST,0.43634897470474243,0.5984601974487305,-0.20513764023780823,0,0
45,LEFT_PINKY,0.4965837597846985,0.6049622297286987,-0.027282174676656723,0,0
45,RIGHT_PINKY,0.4445413649082184,0.5967551469802856,-0.22177940607070923,0,0
45,LEFT_INDEX,0.4955364763736725,0.6026648879051208,-0.03040085919201374,0,0
45,RIGHT_INDEX,0.4464418292045593,0.5913428664207458,-0.21384276449680328,0,0
45,LEFT_THUMB,0.49339455366134644,0.6039215326309204,-0.02252511866390705,0,0
45,RIGHT_THUMB,0.44495561718940735,0.5918530821800232,-0.20136283338069916,0,0
45,LEFT_HIP,0.4305187165737152,0.706820011138916,0.04948149621486664,0,0
45,RIGHT_HIP,0.42391011118888855,0.7077147960662842,-0.04950403422117233,0,0
45,LEFT_KNEE,0.42553940415382385,0.7850049138069153,0.07547961920499802,0,0
45,RIGHT_KNEE,0.4596284031867981,0.77947598695755,-0.09180774539709091,0,0
45,LEFT_ANKLE,0.3950129747390747,0.8587348461151123,0.10675983875989914,0,0
45,RIGHT_ANKLE,0.469595730304718,0.8784796595573425,-0.10732226073741913,0,0
45,LEFT_HEEL,0.38648051023483276,0.8748337626457214,0.10818473994731903,0,0
45,RIGHT_HEEL,0.46328794956207275,0.8975774645805359,-0.11076462268829346,0,0
45,LEFT_FOOT_INDEX,0.41102203726768494,0.8734703063964844,0.0889720469713211,0,0
45,RIGHT_FOOT_INDEX,0.4923311769962311,0.8882330060005188,-0.14863811433315277,0,0
46,NOSE,0.46248677372932434,0.5658544898033142,-0.030973169952630997,0,0
46,LEFT_EYE_INNER,0.461276113986969,0.5572073459625244,-0.022095244377851486,0,0
46,LEFT_EYE,0.46105003356933594,0.5567038059234619,-0.022069474682211876,0,0
46,LEFT_EYE_OUTER,0.4607401490211487,0.5560850501060486,-0.02202630788087845,0,0
46,RIGHT_EYE_INNER,0.4599819481372833,0.5569159388542175,-0.036990948021411896,0,0
46,RIGHT_EYE,0.4588967263698578,0.5562642216682434,-0.03699272871017456,0,0
46,RIGHT_EYE_OUTER,0.45762720704078674,0.5555115938186646,-0.036994852125644684,0,0
46,LEFT_EAR,0.4552217423915863,0.5544813275337219,0.02410125359892845,0,0
46,RIGHT_EAR,0.45011720061302185,0.553956925868988,-0.043942827731370926,0,0
46,MOUTH_LEFT,0.46080511808395386,0.5720115900039673,-0.012254822999238968,0,0
46,MOUTH_RIGHT,0.4591810405254364,0.5718912482261658,-0.0320165753364563,0,0
46,LEFT_SHOULDER,0.45538070797920227,0.5899927616119385,0.07118698954582214,0,0
46,RIGHT_SHOULDER,0.42190343141555786,0.5862187147140503,-0.06619149446487427,0,0
46,LEFT_ELBOW,0.47945353388786316,0.6078087091445923,0.08181378245353699,0,0
46,RIGHT_ELBOW,0.4014744758605957,0.6110467314720154,-0.15394453704357147,0,0
46,LEFT_WRIST,0.49895769357681274,0.6166884303092957,0.04714203625917435,0,0
46,RIGHT_WRIST,0.433300644159317,0.6026486158370972,-0.20927739143371582,0,0
46,LEFT_PINKY,0.505996823310852,0.6204959154129028,0.045939113944768906,0,0
46,RIGHT_PINKY,0.44095510244369507,0.6042082905769348,-0.22591586410999298,0,0
46,LEFT_INDEX,0.5048835277557373,0.6192188858985901,0.03610542044043541,0,0
46,RIGHT_INDEX,0.4437153935432434,0.6006994843482971,-0.21842701733112335,0,0
46,LEFT_THUMB,0.5020365118980408,0.6184149384498596,0.041829805821180344,0,0
46,RIGHT_THUMB,0.44272878766059875,0.6007468104362488,-0.2057647705078125,0,0
46,LEFT_HIP,0.4296223223209381,0.7074193954467773,0.04808255657553673,0,0
46,RIGHT_HIP,0.4282168745994568,0.7087188363075256,-0.048119548708200455,0,0
46,LEFT_KNEE,0.4259258210659027,0.7851925492286682,0.07052860409021378,0,0
46,RIGHT_KNEE,0.4623858630657196,0.7797332406044006,-0.0851363018155098,0,0
46,LEFT_ANKLE,0.39505380392074585,0.8588488101959229,0.09565753489732742,0,0
46,RIGHT_ANKLE,0.4695529043674469,0.8788596391677856,-0.0898599848151207,0,0
46,LEFT_HEEL,0.38657346367836,0.8747769594192505,0.09647969156503677,0,0
46,RIGHT_HEEL,0.4637373685836792,0.8987512588500977,-0.09168923646211624,0,0
46,LEFT_FOOT_INDEX,0.4108242988586426,0.8733938336372375,0.08036436140537262,0,0
46,RIGHT_FOOT_INDEX,0.4915672540664673,0.8890446424484253,-0.12039124220609665,0,0
47,NOSE,0.4626087248325348,0.5669516324996948,-0.02931717038154602,0,0
47,LEFT_EYE_INNER,0.46147671341896057,0.5581293702125549,-0.01994980499148369,0,0
47,LEFT_EYE,0.46123793721199036,0.5576220750808716,-0.019921813160181046,0,0
47,LEFT_EYE_OUTER,0.4609079658985138,0.5569931864738464,-0.019877349957823753,0,0
47,RIGHT_EYE_INNER,0.46022483706474304,0.5579087138175964,-0.03499346226453781,0,0
47,RIGHT_EYE,0.4591292440891266,0.5572845935821533,-0.03499382734298706,0,0
47,RIGHT_EYE_OUTER,0.4579017460346222,0.5565571784973145,-0.034994062036275864,0,0
47,LEFT_EAR,0.45507603883743286,0.555382251739502,0.025535784661769867,0,0
47,RIGHT_EAR,0.4508309066295624,0.5551436543464661,-0.0434410534799099,0,0
47,MOUTH_LEFT,0.4607173800468445,0.5732321739196777,-0.011083277873694897,0,0
47,MOUTH_RIGHT,0.4591423571109772,0.5731710195541382,-0.031065255403518677,0,0
47,LEFT_SHOULDER,0.4542387127876282,0.5898633003234863,0.07157623767852783,0,0
47,RIGHT_SHOULDER,0.4222279191017151,0.5864465832710266,-0.06559011340141296,0,0
47,LEFT_ELBOW,0.47842782735824585,0.6077651381492615,0.09091638028621674,0,0
47,RIGHT_ELBOW,0.4014323055744171,0.6114932298660278,-0.15349386632442474,0,0
47,LEFT_WRIST,0.5001012086868286,0.6181421875953674,0.057530079036951065,0,0
47,RIGHT_WRIST,0.4325898289680481,0.6053311228752136,-0.2070373147726059,0,0
47,LEFT_PINKY,0.5073968172073364,0.6217493414878845,0.056095708161592484,0,0
47,RIGHT_PINKY,0.4403950870037079,0.607090950012207,-0.22351808845996857,0,0
47,LEFT_INDEX,0.5063854455947876,0.6205633282661438,0.04643948748707771,0,0
47,RIGHT_INDEX,0.4430672526359558,0.6038001775741577,-0.2162085473537445,0,0
47,LEFT_THUMB,0.5035703778266907,0.6200525164604187,0.05217727646231651,0,0
47,RIGHT_THUMB,0.44222158193588257,0.60385662317276,-0.20356567203998566,0,0
47,LEFT_HIP,0.4286951422691345,0.7073690295219421,0.04780193418264389,0,0
47,RIGHT_HIP,0.4291878044605255,0.7091089487075806,-0.0478387288749218,0,0
47,LEFT_KNEE,0.42568573355674744,0.7853168249130249,0.0702960342168808,0,0
47,RIGHT_KNEE,0.4633285701274872,0.7799906730651855,-0.07953149825334549,0,0
47,LEFT_ANKLE,0.3952983021736145,0.8588575124740601,0.09619858860969543,0,0
47,RIGHT_ANKLE,0.4693913161754608,0.8789882659912109,-0.08065427094697952,0,0
47,LEFT_HEEL,0.3869231641292572,0.8740856647491455,0.09700917452573776,0,0
47,RIGHT_HEEL,0.4634827971458435,0.8987541198730469,-0.08226308226585388,0,0
47,LEFT_FOOT_INDEX,0.4101547598838806,0.8735355138778687,0.08063723146915436,0,0
47,RIGHT_FOOT_INDEX,0.4917082190513611,0.8896471261978149,-0.11068394780158997,0,0
48,NOSE,0.46287375688552856,0.5666091442108154,-0.03027286008000374,0,0
48,LEFT_EYE_INNER,0.4616207778453827,0.557704508304596,-0.02059737965464592,0,0
48,LEFT_EYE,0.4613426625728607,0.5571879744529724,-0.02056967094540596,0,0
48,LEFT_EYE_OUTER,0.4609774947166443,0.5565577149391174,-0.0205246452242136,0,0
48,RIGHT_EYE_INNER,0.4604825973510742,0.5575335025787354,-0.03585625812411308,0,0
48,RIGHT_EYE,0.45938971638679504,0.5569343566894531,-0.035857681185007095,0,0
48,RIGHT_EYE_OUTER,0.45821359753608704,0.5562557578086853,-0.035859014838933945,0,0
48,LEFT_EAR,0.45503461360931396,0.5552976727485657,0.025502976030111313,0,0
48,RIGHT_EAR,0.4513471722602844,0.5551565289497375,-0.04438810423016548,0,0
48,MOUTH_LEFT,0.46098941564559937,0.5730793476104736,-0.011936829425394535,0,0
48,MOUTH_RIGHT,0.45958617329597473,0.572938859462738,-0.03219570964574814,0,0
48,LEFT_SHOULDER,0.4537414014339447,0.5899211168289185,0.0717858225107193,0,0
48,RIGHT_SHOULDER,0.4230107069015503,0.5866244435310364,-0.06685243546962738,0,0
48,LEFT_ELBOW,0.4791010320186615,0.6076226234436035,0.09194527566432953,0,0
48,RIGHT_ELBOW,0.40102419257164,0.6118237972259521,-0.15341655910015106,0,0
48,LEFT_WRIST,0.5005317330360413,0.6189418435096741,0.05511431023478508,0,0
48,RIGHT_WRIST,0.4328363835811615,0.6064680814743042,-0.2079853117465973,0,0
48,LEFT_PINKY,0.5079839825630188,0.6231734752655029,0.05330818518996239,0,0
48,RIGHT_PINKY,0.4408404529094696,0.6082600951194763,-0.22457049787044525,0,0
48,LEFT_INDEX,0.5068719983100891,0.622048556804657,0.04376117140054703,0,0
48,RIGHT_INDEX,0.44330155849456787,0.6047429442405701,-0.21714502573013306,0,0
48,LEFT_THUMB,0.504214882850647,0.6214303970336914,0.04967649653553963,0,0
48,RIGHT_THUMB,0.4423523545265198,0.6046546697616577,-0.20444650948047638,0,0
48,LEFT_HIP,0.4284563660621643,0.7078534364700317,0.04819716140627861,0,0
48,RIGHT_HIP,0.43008217215538025,0.7103859186172485,-0.04823366552591324,0,0
48,LEFT_KNEE,0.4254363775253296,0.7854105830192566,0.07248948514461517,0,0
48,RIGHT_KNEE,0.46360474824905396,0.7802712321281433,-0.07912635058164597,0,0
48,LEFT_ANKLE,0.3953002989292145,0.8590912818908691,0.10063304752111435,0,0
48,RIGHT_ANKLE,0.46902379393577576,0.8791916370391846,-0.08008459955453873,0,0
48,LEFT_HEEL,0.38691213726997375,0.8740854263305664,0.10164312273263931,0,0
48,RIGHT_HEEL,0.4634218215942383,0.8988672494888306,-0.081759974360466,0,0
48,LEFT_FOOT_INDEX,0.4102235734462738,0.8735483884811401,0.08513855934143066,0,0
48,RIGHT_FOOT_INDEX,0.4910792410373688,0.8900445699691772,-0.11058331280946732,0,0
49,NOSE,0.46331945061683655,0.565919816493988,-0.031871695071458817,0,0
49,LEFT_EYE_INNER,0.46175622940063477,0.5569859743118286,-0.022056935355067253,0,0
49,LEFT_EYE,0.4614618122577667,0.5564746856689453,-0.022030718624591827,0,0
49,LEFT_EYE_OUTER,0.4610922038555145,0.5558575391769409,-0.021983947604894638,0,0
49,RIGHT_EYE_INNER,0.46067777276039124,0.5568543672561646,-0.03743075206875801,0,0
49,RIGHT_EYE,0.45961037278175354,0.5562904477119446,-0.03743373975157738,0,0
49,RIGHT_EYE_OUTER,0.45847827196121216,0.5556522011756897,-0.03743410110473633,0,0
49,LEFT_EAR,0.45534271001815796,0.5548810362815857,0.024582482874393463,0,0
49,RIGHT_EAR,0.45181867480278015,0.5548238754272461,-0.04590199142694473,0,0
49,MOUTH_LEFT,0.46159693598747253,0.5723853707313538,-0.013455260545015335,0,0
49,MOUTH_RIGHT,0.46032392978668213,0.5722916722297668,-0.03384498879313469,0,0
49,LEFT_SHOULDER,0.45407718420028687,0.5898995995521545,0.07084062695503235,0,0
49,RIGHT_SHOULDER,0.4236719012260437,0.5866449475288391,-0.06771822273731232,0,0
49,LEFT_ELBOW,0.4800010621547699,0.6077616810798645,0.08256687223911285,0,0
49,RIGHT_ELBOW,0.40133821964263916,0.6118890643119812,-0.15437832474708557,0,0
49,LEFT_WRIST,0.5013718008995056,0.618894100189209,0.030045008286833763,0,0
49,RIGHT_WRIST,0.4330292344093323,0.6067438721656799,-0.21008682250976562,0,0
49,LEFT_PINKY,0.5087716579437256,0.6226567625999451,0.025756550952792168,0,0
49,RIGHT_PINKY,0.4414008557796478,0.6083728075027466,-0.22726240754127502,0,0
49,LEFT_INDEX,0.5075777769088745,0.621228039264679,0.016329854726791382,0,0
49,RIGHT_INDEX,0.4437839090824127,0.6046293377876282,-0.21941529214382172,0,0
49,LEFT_THUMB,0.5050610303878784,0.621029257774353,0.024160506203770638,0,0
49,RIGHT_THUMB,0.4427381455898285,0.6045640110969543,-0.2063893973827362,0,0
49,LEFT_HIP,0.42810532450675964,0.7081368565559387,0.048499125987291336,0,0
49,RIGHT_HIP,0.4308537244796753,0.7113027572631836,-0.04853516444563866,0,0
49,LEFT_KNEE,0.42531320452690125,0.785388171672821,0.0731797069311142,0,0
49,RIGHT_KNEE,0.4637870490550995,0.7803161144256592,-0.07889412343502045,0,0
49,LEFT_ANKLE,0.3953166604042053,0.8592994809150696,0.10179143399000168,0,0
49,RIGHT_ANKLE,0.4688512682914734,0.8792940378189087,-0.07934338599443436,0,0
49,LEFT_HEEL,0.3868955969810486,0.8742510676383972,0.10278787463903427,0,0
49,RIGHT_HEEL,0.4635092616081238,0.8988563418388367,-0.08106622099876404,0,0
49,LEFT_FOOT_INDEX,0.41023319959640503,0.8735702037811279,0.08594250679016113,0,0
49,RIGHT_FOOT_INDEX,0.4912014901638031,0.8902571201324463,-0.11044905334711075,0,0
50,NOSE,0.46347060799598694,0.5657411813735962,-0.032635532319545746,0,0
50,LEFT_EYE_INNER,0.46192264556884766,0.5568773746490479,-0.022880714386701584,0,0
50,LEFT_EYE,0.46162497997283936,0.5563784837722778,-0.022855225950479507,0,0
50,LEFT_EYE_OUTER,0.46125078201293945,0.5557764172554016,-0.02281126193702221,0,0
50,RIGHT_EYE_INNER,0.46081605553627014,0.556746780872345,-0.03845037519931793,0,0
50,RIGHT_EYE,0.4597506523132324,0.5562084913253784,-0.0384540930390358,0,0
50,RIGHT_EYE_OUTER,0.4586370289325714,0.5555942058563232,-0.03845712170004845,0,0
50,LEFT_EAR,0.45553043484687805,0.5549787282943726,0.02387007512152195,0,0
50,RIGHT_EAR,0.45195701718330383,0.554850697517395,-0.04732237383723259,0,0
50,MOUTH_LEFT,0.4617607295513153,0.5722342729568481,-0.0141133489087224,0,0
50,MOUTH_RIGHT,0.460487425327301,0.572119951248169,-0.034696776419878006,0,0
50,LEFT_SHOULDER,0.45480579137802124,0.5900808572769165,0.07091318070888519,0,0
50,RIGHT_SHOULDER,0.4237413704395294,0.5869742035865784,-0.06903748959302902,0,0
50,LEFT_ELBOW,0.48086267709732056,0.6080640554428101,0.08360137045383453,0,0
50,RIGHT_ELBOW,0.4019508957862854,0.6119401454925537,-0.15712586045265198,0,0
50,LEFT_WRIST,0.501532256603241,0.6197381615638733,0.03321979194879532,0,0
50,RIGHT_WRIST,0.43380218744277954,0.6073286533355713,-0.21221686899662018,0,0
50,LEFT_PINKY,0.5089184045791626,0.6234615445137024,0.02872426062822342,0,0
50,RIGHT_PINKY,0.4418509304523468,0.6085953116416931,-0.2293703854084015,0,0
50,LEFT_INDEX,0.5078521370887756,0.622372031211853,0.020244063809514046,0,0
50,RIGHT_INDEX,0.4441388249397278,0.6048927307128906,-0.221577450633049,0,0
50,LEFT_THUMB,0.5051142573356628,0.6219779253005981,0.027699563652276993,0,0
50,RIGHT_THUMB,0.44314947724342346,0.6048846244812012,-0.2085537612438202,0,0
50,LEFT_HIP,0.429480642080307,0.7083331942558289,0.04858793318271637,0,0
50,RIGHT_HIP,0.43017154932022095,0.711482048034668,-0.048623569309711456,0,0
50,LEFT_KNEE,0.42517349123954773,0.7855516672134399,0.07414236664772034,0,0
50,RIGHT_KNEE,0.46361780166625977,0.780464768409729,-0.08106168359518051,0,0
50,LEFT_ANKLE,0.39530178904533386,0.8594471216201782,0.10322021692991257,0,0
50,RIGHT_ANKLE,0.46878060698509216,0.8793470859527588,-0.08352350443601608,0,0
50,LEFT_HEEL,0.3868820071220398,0.8743152618408203,0.10428256541490555,0,0
50,RIGHT_HEEL,0.46328336000442505,0.8987577557563782,-0.08547105640172958,0,0
50,LEFT_FOOT_INDEX,0.41023269295692444,0.8737432360649109,0.08790039271116257,0,0
50,RIGHT_FOOT_INDEX,0.49112558364868164,0.8904333710670471,-0.11680734902620316,0,0
51,NOSE,0.46312469244003296,0.5657495856285095,-0.03477415814995766,0,0
51,LEFT_EYE_INNER,0.4619005620479584,0.55695641040802,-0.0249274093657732,0,0
51,LEFT_EYE,0.461676687002182,0.556489884853363,-0.024901332333683968,0,0
51,LEFT_EYE_OUTER,0.4613792598247528,0.5559266209602356,-0.024858782067894936,0,0
51,RIGHT_EYE_INNER,0.4606579542160034,0.5567755699157715,-0.040002211928367615,0,0
51,RIGHT_EYE,0.4595918357372284,0.5562418699264526,-0.040004387497901917,0,0
51,RIGHT_EYE_OUTER,0.4584609866142273,0.555620014667511,-0.04000525176525116,0,0
51,LEFT_EAR,0.455800324678421,0.5550746917724609,0.022781703621149063,0,0
51,RIGHT_EAR,0.45178237557411194,0.5548033118247986,-0.04674050584435463,0,0
51,MOUTH_LEFT,0.4613857865333557,0.5722335577011108,-0.015823086723685265,0,0
51,MOUTH_RIGHT,0.46000996232032776,0.5720415711402893,-0.03577340766787529,0,0
51,LEFT_SHOULDER,0.4552958309650421,0.5900806784629822,0.07082612812519073,0,0
51,RIGHT_SHOULDER,0.42391523718833923,0.5869963765144348,-0.06896188110113144,0,0
51,LEFT_ELBOW,0.48098090291023254,0.6087322235107422,0.08720361441373825,0,0
51,RIGHT_ELBOW,0.40215349197387695,0.6119445562362671,-0.15635401010513306,0,0
51,LEFT_WRIST,0.5016953349113464,0.6206057071685791,0.047299761325120926,0,0
51,RIGHT_WRIST,0.43310534954071045,0.607649564743042,-0.21172884106636047,0,0
51,LEFT_PINKY,0.509071409702301,0.6246980428695679,0.04494190961122513,0,0
51,RIGHT_PINKY,0.4417354464530945,0.6087889671325684,-0.22867223620414734,0,0
51,LEFT_INDEX,0.5079336166381836,0.6233091950416565,0.03591984882950783,0,0
51,RIGHT_INDEX,0.4439358115196228,0.6050288677215576,-0.22107189893722534,0,0
51,LEFT_THUMB,0.5051546692848206,0.622726559638977,0.042021773755550385,0,0
51,RIGHT_THUMB,0.4429596960544586,0.6050189137458801,-0.20814917981624603,0,0
51,LEFT_HIP,0.4302106201648712,0.7083015441894531,0.04865225777029991,0,0
51,RIGHT_HIP,0.42975911498069763,0.7114304304122925,-0.0486888661980629,0,0
51,LEFT_KNEE,0.42514148354530334,0.7855876088142395,0.07378581911325455,0,0
51,RIGHT_KNEE,0.4634726643562317,0.7805450558662415,-0.08090119063854218,0,0
51,LEFT_ANKLE,0.3954850435256958,0.8594474792480469,0.10347432643175125,0,0
51,RIGHT_ANKLE,0.46885257959365845,0.8794219493865967,-0.08391892910003662,0,0
51,LEFT_HEEL,0.38696467876434326,0.874197781085968,0.10464818775653839,0,0
51,RIGHT_HEEL,0.46350300312042236,0.8983802199363708,-0.08581079542636871,0,0
51,LEFT_FOOT_INDEX,0.41019904613494873,0.8739767670631409,0.08787187188863754,0,0
51,RIGHT_FOOT_INDEX,0.49093112349510193,0.8904126286506653,-0.11697053909301758,0,0
52,NOSE,0.4700627624988556,0.5639511942863464,-0.024322671815752983,0,0
52,LEFT_EYE_INNER,0.46727433800697327,0.5542379021644592,-0.01607230119407177,0,0
52,LEFT_EYE,0.4666004478931427,0.5536455512046814,-0.016052760183811188,0,0
52,LEFT_EYE_OUTER,0.46589601039886475,0.5530328154563904,-0.01602056808769703,0,0
52,RIGHT_EYE_INNER,0.4673442840576172,0.5544010400772095,-0.030841689556837082,0,0
52,RIGHT_EYE,0.466735303401947,0.5539435744285583,-0.030838850885629654,0,0
52,RIGHT_EYE_OUTER,0.465975821018219,0.5534079074859619,-0.03084549680352211,0,0
52,LEFT_EAR,0.46030598878860474,0.5536001324653625,0.023846538737416267,0,0
52,RIGHT_EAR,0.45990893244743347,0.5535914301872253,-0.043853264302015305,0,0
52,MOUTH_LEFT,0.4674316346645355,0.569841206073761,-0.008240452967584133,0,0
52,MOUTH_RIGHT,0.46742504835128784,0.5694486498832703,-0.027804715558886528,0,0
52,LEFT_SHOULDER,0.45418912172317505,0.5899605751037598,0.07429292052984238,0,0
52,RIGHT_SHOULDER,0.4388046860694885,0.5869767069816589,-0.06909798830747604,0,0
52,LEFT_ELBOW,0.4738958477973938,0.6183897256851196,0.1263585388660431,0,0
52,RIGHT_ELBOW,0.4174114763736725,0.6144357919692993,-0.1557559370994568,0,0
52,LEFT_WRIST,0.5007058382034302,0.6389225125312805,0.12160250544548035,0,0
52,RIGHT_WRIST,0.4439952075481415,0.6307207942008972,-0.21586324274539948,0,0
52,LEFT_PINKY,0.5077082514762878,0.646575391292572,0.12611664831638336,0,0
52,RIGHT_PINKY,0.4493647515773773,0.6366330981254578,-0.23458518087863922,0,0
52,LEFT_INDEX,0.5065573453903198,0.6460165977478027,0.11159679293632507,0,0
52,RIGHT_INDEX,0.4525131583213806,0.6317186951637268,-0.22765354812145233,0,0
52,LEFT_THUMB,0.5037855505943298,0.6431950926780701,0.11550538241863251,0,0
52,RIGHT_THUMB,0.45176297426223755,0.6302075982093811,-0.21296337246894836,0,0
52,LEFT_HIP,0.4289894104003906,0.7080108523368835,0.04866357892751694,0,0
52,RIGHT_HIP,0.4351763129234314,0.7113721966743469,-0.0486963726580143,0,0
52,LEFT_KNEE,0.4247213304042816,0.7845398187637329,0.06264319270849228,0,0
52,RIGHT_KNEE,0.4669274091720581,0.7804039716720581,-0.07681719213724136,0,0
52,LEFT_ANKLE,0.39564263820648193,0.8595799803733826,0.07988617569208145,0,0
52,RIGHT_ANKLE,0.4691932499408722,0.879511833190918,-0.08342323452234268,0,0
52,LEFT_HEEL,0.3874712586402893,0.8741992115974426,0.07965698093175888,0,0
52,RIGHT_HEEL,0.46360450983047485,0.8983842134475708,-0.085686095058918,0,0
52,LEFT_FOOT_INDEX,0.4101390838623047,0.8739355206489563,0.06023664027452469,0,0
52,RIGHT_FOOT_INDEX,0.4915023744106293,0.8903269171714783,-0.11655933409929276,0,0
53,NOSE,0.47004881501197815,0.5590730905532837,0.03875356167554855,0,0
53,LEFT_EYE_INNER,0.4680801033973694,0.5495333075523376,0.03888624906539917,0,0
53,LEFT_EYE,0.4672695994377136,0.5487490296363831,0.03888954222202301,0,0
53,LEFT_EYE_OUTER,0.4663240611553192,0.5478945970535278,0.03887300565838814,0,0
53,RIGHT_EYE_INNER,0.46915531158447266,0.5502650737762451,0.02565521001815796,0,0
53,RIGHT_EYE,0.4691511392593384,0.5500519871711731,0.025663765147328377,0,0
53,RIGHT_EYE_OUTER,0.4690585434436798,0.5497722029685974,0.025624047964811325,0,0
53,LEFT_EAR,0.46100589632987976,0.5483601689338684,0.04080990329384804,0,0
53,RIGHT_EAR,0.46510493755340576,0.5505932569503784,-0.019249530509114265,0,0
53,MOUTH_LEFT,0.4671209156513214,0.5641669034957886,0.04183322191238403,0,0
53,MOUTH_RIGHT,0.46802985668182373,0.5651246309280396,0.024178870022296906,0,0
53,LEFT_SHOULDER,0.43910980224609375,0.5794276595115662,0.07705990225076675,0,0
53,RIGHT_SHOULDER,0.45933133363723755,0.586516261100769,-0.06809776276350021,0,0
53,LEFT_ELBOW,0.43394333124160767,0.6349983811378479,0.13331453502178192,0,0
53,RIGHT_ELBOW,0.457751601934433,0.6349058747291565,-0.12520352005958557,0,0
53,LEFT_WRIST,0.447501540184021,0.6619428396224976,0.1702542006969452,0,0
53,RIGHT_WRIST,0.4859226644039154,0.664692223072052,-0.1621471345424652,0,0
53,LEFT_PINKY,0.4500591456890106,0.6693354845046997,0.18242841958999634,0,0
53,RIGHT_PINKY,0.4937503933906555,0.6710361838340759,-0.1780776083469391,0,0
53,LEFT_INDEX,0.45363855361938477,0.6673758029937744,0.17217889428138733,0,0
53,RIGHT_INDEX,0.4954075813293457,0.6666572093963623,-0.16948352754116058,0,0
53,LEFT_THUMB,0.4537005126476288,0.6651545763015747,0.16723817586898804,0,0
53,RIGHT_THUMB,0.49324193596839905,0.6646905541419983,-0.1588582843542099,0,0
53,LEFT_HIP,0.42606064677238464,0.7034217715263367,0.0487297847867012,0,0
53,RIGHT_HIP,0.44294074177742004,0.7089220881462097,-0.04876631870865822,0,0
53,LEFT_KNEE,0.41689300537109375,0.7799015641212463,0.06658735126256943,0,0
53,RIGHT_KNEE,0.4693657159805298,0.7806451916694641,-0.05536641553044319,0,0
53,LEFT_ANKLE,0.3951292634010315,0.8577811121940613,0.09000274538993835,0,0
53,RIGHT_ANKLE,0.47044235467910767,0.8795737624168396,-0.05771266669034958,0,0
53,LEFT_HEEL,0.3875991106033325,0.871919572353363,0.09101064503192902,0,0
53,RIGHT_HEEL,0.4649689495563507,0.8981848955154419,-0.05838843807578087,0,0
53,LEFT_FOOT_INDEX,0.40976956486701965,0.8704878091812134,0.07412346452474594,0,0
53,RIGHT_FOOT_INDEX,0.49117639660835266,0.8902468085289001,-0.07724498212337494,0,0
54,NOSE,0.4687226116657257,0.5517163276672363,0.036780111491680145,0,0
54,LEFT_EYE_INNER,0.46699225902557373,0.5426165461540222,0.03135010227560997,0,0
54,LEFT_EYE,0.4660588800907135,0.5418125987052917,0.03135926276445389,0,0
54,LEFT_EYE_OUTER,0.4650743901729584,0.5410870313644409,0.031338371336460114,0,0
54,RIGHT_EYE_INNER,0.46867048740386963,0.5438418388366699,0.02136113867163658,0,0
54,RIGHT_EYE,0.468951016664505,0.5438995361328125,0.021375764161348343,0,0
54,RIGHT_EYE_OUTER,0.4691576063632965,0.5439753532409668,0.02133995294570923,0,0
54,LEFT_EAR,0.45982998609542847,0.5421603322029114,0.020086092874407768,0,0
54,RIGHT_EAR,0.4663146436214447,0.5457970499992371,-0.026468226686120033,0,0
54,MOUTH_LEFT,0.4657924771308899,0.5564879179000854,0.03518015146255493,0,0
54,MOUTH_RIGHT,0.4672320485115051,0.5578311681747437,0.02181854285299778,0,0
54,LEFT_SHOULDER,0.4300437867641449,0.5744972229003906,0.05199545621871948,0,0
54,RIGHT_SHOULDER,0.46827468276023865,0.588438868522644,-0.07459114491939545,0,0
54,LEFT_ELBOW,0.4249865412712097,0.6319819092750549,0.14041642844676971,0,0
54,RIGHT_ELBOW,0.4847315549850464,0.6405311226844788,-0.09946520626544952,0,0
54,LEFT_WRIST,0.4432464838027954,0.6327652335166931,0.2306915670633316,0,0
54,RIGHT_WRIST,0.5131561160087585,0.6714635491371155,-0.10440416634082794,0,0
54,LEFT_PINKY,0.44612520933151245,0.6335057020187378,0.24883945286273956,0,0
54,RIGHT_PINKY,0.5214555263519287,0.6800891160964966,-0.11548308283090591,0,0
54,LEFT_INDEX,0.449860543012619,0.6288520693778992,0.2411385029554367,0,0
54,RIGHT_INDEX,0.5225306153297424,0.6736050844192505,-0.11244633793830872,0,0
54,LEFT_THUMB,0.4503556787967682,0.6303127408027649,0.23068417608737946,0,0
54,RIGHT_THUMB,0.5197688341140747,0.6699173450469971,-0.10223205387592316,0,0
54,LEFT_HIP,0.42401039600372314,0.701711893081665,0.048340484499931335,0,0
54,RIGHT_HIP,0.44584739208221436,0.7085317373275757,-0.04836326837539673,0,0
54,LEFT_KNEE,0.4111325144767761,0.7717751860618591,0.10449232161045074,0,0
54,RIGHT_KNEE,0.47115999460220337,0.7808929681777954,-0.05262352153658867,0,0
54,LEFT_ANKLE,0.3950420916080475,0.8463419675827026,0.1555381417274475,0,0
54,RIGHT_ANKLE,0.4712914824485779,0.8795061111450195,-0.043021272867918015,0,0
54,LEFT_HEEL,0.3878171741962433,0.8640019297599792,0.16059279441833496,0,0
54,RIGHT_HEEL,0.46557438373565674,0.8980352878570557,-0.04167751595377922,0,0
54,LEFT_FOOT_INDEX,0.40878206491470337,0.8607039451599121,0.16409479081630707,0,0
54,RIGHT_FOOT_INDEX,0.4908132255077362,0.8902801871299744,-0.04880707338452339,0,0
55,NOSE,0.46757227182388306,0.5463943481445312,0.06725087761878967,0,0
55,LEFT_EYE_INNER,0.4658821225166321,0.5383273959159851,0.056839484721422195,0,0
55,LEFT_EYE,0.4653547704219818,0.537619411945343,0.05682538077235222,0,0
55,LEFT_EYE_OUTER,0.46500492095947266,0.5370716452598572,0.05680062621831894,0,0
55,RIGHT_EYE_INNER,0.4676656424999237,0.5398469567298889,0.05156630650162697,0,0
55,RIGHT_EYE,0.46836504340171814,0.5401859283447266,0.05159972980618477,0,0
55,RIGHT_EYE_OUTER,0.4690723419189453,0.5405430197715759,0.051573771983385086,0,0
55,LEFT_EAR,0.4588998556137085,0.5389021635055542,0.021099653095006943,0,0
55,RIGHT_EAR,0.4679584801197052,0.543531060218811,0.0015591683331876993,0,0
55,MOUTH_LEFT,0.46488717198371887,0.5512626767158508,0.06014363095164299,0,0
55,MOUTH_RIGHT,0.466601699590683,0.5530254244804382,0.05283847078680992,0,0
55,LEFT_SHOULDER,0.4276045262813568,0.5713688135147095,0.04183259978890419,0,0
55,RIGHT_SHOULDER,0.4775236248970032,0.588742196559906,-0.051072824746370316,0,0
55,LEFT_ELBOW,0.4122110605239868,0.6222648024559021,0.12167098373174667,0,0
55,RIGHT_ELBOW,0.49859046936035156,0.6353365182876587,-0.0930517390370369,0,0
55,LEFT_WRIST,0.4281628727912903,0.6305844783782959,0.19826428592205048,0,0
55,RIGHT_WRIST,0.5320977568626404,0.6558077335357666,-0.12750717997550964,0,0
55,LEFT_PINKY,0.43188533186912537,0.6341906785964966,0.215513676404953,0,0
55,RIGHT_PINKY,0.5394107103347778,0.6633369326591492,-0.1401243805885315,0,0
55,LEFT_INDEX,0.43630853295326233,0.6338268518447876,0.209794282913208,0,0
55,RIGHT_INDEX,0.5397126078605652,0.6602572798728943,-0.1341387778520584,0,0
55,LEFT_THUMB,0.4360831677913666,0.6338421106338501,0.19968311488628387,0,0
55,RIGHT_THUMB,0.5374374389648438,0.6578933596611023,-0.12516875565052032,0,0
55,LEFT_HIP,0.4234413504600525,0.6997014284133911,0.042435575276613235,0,0
55,RIGHT_HIP,0.44964104890823364,0.7077969312667847,-0.04254274070262909,0,0
55,LEFT_KNEE,0.40819355845451355,0.7638624906539917,0.14580906927585602,0,0
55,RIGHT_KNEE,0.47104060649871826,0.7809053063392639,-0.046939823776483536,0,0
55,LEFT_ANKLE,0.39499399065971375,0.8376656174659729,0.19719670712947845,0,0
55,RIGHT_ANKLE,0.47147873044013977,0.8792028427124023,-0.058347102254629135,0,0
55,LEFT_HEEL,0.39000335335731506,0.8529879450798035,0.20264853537082672,0,0
55,RIGHT_HEEL,0.4657801687717438,0.8972647786140442,-0.05883965641260147,0,0
55,LEFT_FOOT_INDEX,0.4032066762447357,0.8400647640228271,0.20979610085487366,0,0
55,RIGHT_FOOT_INDEX,0.49046891927719116,0.890019416809082,-0.07086825370788574,0,0
56,NOSE,0.46692997217178345,0.5413948893547058,0.0747094452381134,0,0
56,LEFT_EYE_INNER,0.46525415778160095,0.5334108471870422,0.061947282403707504,0,0
56,LEFT_EYE,0.4649307131767273,0.532610297203064,0.0619334802031517,0,0
56,LEFT_EYE_OUTER,0.464688241481781,0.5319328308105469,0.06192029267549515,0,0
56,RIGHT_EYE_INNER,0.4675871431827545,0.5355429649353027,0.05883647873997688,0,0
56,RIGHT_EYE,0.46857330203056335,0.536133885383606,0.058861833065748215,0,0
56,RIGHT_EYE_OUTER,0.4696265757083893,0.5367964506149292,0.05883416905999184,0,0
56,LEFT_EAR,0.45837730169296265,0.5341442823410034,0.021637024357914925,0,0
56,RIGHT_EAR,0.46932893991470337,0.5410121083259583,0.007446085102856159,0,0
56,MOUTH_LEFT,0.46438637375831604,0.5463991165161133,0.06432738900184631,0,0
56,MOUTH_RIGHT,0.46651491522789,0.5486130714416504,0.05994094908237457,0,0
56,LEFT_SHOULDER,0.4294799566268921,0.567287802696228,0.027806062251329422,0,0
56,RIGHT_SHOULDER,0.4785005450248718,0.5886561870574951,-0.031460460275411606,0,0
56,LEFT_ELBOW,0.4083629548549652,0.6203262805938721,0.09835997968912125,0,0
56,RIGHT_ELBOW,0.49880608916282654,0.6350127458572388,-0.028284193947911263,0,0
56,LEFT_WRIST,0.4225497245788574,0.6289925575256348,0.17648421227931976,0,0
56,RIGHT_WRIST,0.5257198810577393,0.6336972713470459,0.006731442641466856,0,0
56,LEFT_PINKY,0.42574945092201233,0.6332487463951111,0.19184990227222443,0,0
56,RIGHT_PINKY,0.5354889631271362,0.644953191280365,0.006028331350535154,0,0
56,LEFT_INDEX,0.4291044771671295,0.6339799165725708,0.18585604429244995,0,0
56,RIGHT_INDEX,0.5353935956954956,0.6415498852729797,0.011374412104487419,0,0
56,LEFT_THUMB,0.42888301610946655,0.633459210395813,0.17759822309017181,0,0
56,RIGHT_THUMB,0.5312202572822571,0.6362715363502502,0.010651662014424801,0,0
56,LEFT_HIP,0.42351609468460083,0.6973493695259094,0.03309644013643265,0,0
56,RIGHT_HIP,0.45065435767173767,0.706964910030365,-0.03329792991280556,0,0
56,LEFT_KNEE,0.4074167013168335,0.7578951120376587,0.14476051926612854,0,0
56,RIGHT_KNEE,0.4706811308860779,0.7809248566627502,-0.013015711680054665,0,0
56,LEFT_ANKLE,0.39466145634651184,0.825512707233429,0.20603565871715546,0,0
56,RIGHT_ANKLE,0.4717678129673004,0.8790493011474609,-0.0212197694927454,0,0
56,LEFT_HEEL,0.3907003104686737,0.8411986827850342,0.2130473107099533,0,0
56,RIGHT_HEEL,0.4660013020038605,0.8972049355506897,-0.020911067724227905,0,0
56,LEFT_FOOT_INDEX,0.3987102210521698,0.8238776326179504,0.2210734784603119,0,0
56,RIGHT_FOOT_INDEX,0.4902641177177429,0.8899747729301453,-0.025595735758543015,0,0
57,NOSE,0.4669633209705353,0.5415536165237427,0.063186876475811,0,0
57,LEFT_EYE_INNER,0.4651950001716614,0.5328359007835388,0.05108342319726944,0,0
57,LEFT_EYE,0.4644700586795807,0.5318478345870972,0.0510726161301136,0,0
57,LEFT_EYE_OUTER,0.4639788269996643,0.5310311317443848,0.051060616970062256,0,0
57,RIGHT_EYE_INNER,0.46831226348876953,0.5353413224220276,0.04769117012619972,0,0
57,RIGHT_EYE,0.4694235920906067,0.5360197424888611,0.047715939581394196,0,0
57,RIGHT_EYE_OUTER,0.470453143119812,0.5366823077201843,0.047693122178316116,0,0
57,LEFT_EAR,0.45859473943710327,0.5336138010025024,0.013558240607380867,0,0
57,RIGHT_EAR,0.4701167345046997,0.5408819913864136,-0.0018141200998798013,0,0
57,MOUTH_LEFT,0.46433404088020325,0.546923816204071,0.05371646210551262,0,0
57,MOUTH_RIGHT,0.4672746956348419,0.5493018627166748,0.04892100393772125,0,0
57,LEFT_SHOULDER,0.4299788773059845,0.5661741495132446,0.021069252863526344,0,0
57,RIGHT_SHOULDER,0.47776690125465393,0.5889120697975159,-0.03720519319176674,0,0
57,LEFT_ELBOW,0.40867725014686584,0.6187701225280762,0.09246630221605301,0,0
57,RIGHT_ELBOW,0.4988187551498413,0.6335017681121826,-0.03573685884475708,0,0
57,LEFT_WRIST,0.42402297258377075,0.6281759738922119,0.17298632860183716,0,0
57,RIGHT_WRIST,0.5242459177970886,0.6272522807121277,-0.004149843472987413,0,0
57,LEFT_PINKY,0.42731332778930664,0.6321982741355896,0.18835753202438354,0,0
57,RIGHT_PINKY,0.5331937670707703,0.6373193860054016,-0.005601888056844473,0,0
57,LEFT_INDEX,0.4311194121837616,0.6328993439674377,0.18150828778743744,0,0
57,RIGHT_INDEX,0.533398449420929,0.6320249438285828,-0.00023695616982877254,0,0
57,LEFT_THUMB,0.43082863092422485,0.6324273347854614,0.17389820516109467,0,0
57,RIGHT_THUMB,0.5296927690505981,0.6280102729797363,-0.00022533031005878001,0,0
57,LEFT_HIP,0.42319872975349426,0.6972912549972534,0.032389018684625626,0,0
57,RIGHT_HIP,0.4506414234638214,0.7067064642906189,-0.032593805342912674,0,0
57,LEFT_KNEE,0.4073040783405304,0.7568228840827942,0.15557965636253357,0,0
57,RIGHT_KNEE,0.4709329605102539,0.780944287776947,-0.013608206063508987,0,0
57,LEFT_ANKLE,0.3945207893848419,0.8230324983596802,0.21931399405002594,0,0
57,RIGHT_ANKLE,0.4720068573951721,0.8783252835273743,-0.02611304260790348,0,0
57,LEFT_HEEL,0.39090946316719055,0.8380106687545776,0.2266925424337387,0,0
57,RIGHT_HEEL,0.46630755066871643,0.8971458673477173,-0.026119401678442955,0,0
57,LEFT_FOOT_INDEX,0.3976392447948456,0.8216792941093445,0.23529528081417084,0,0
57,RIGHT_FOOT_INDEX,0.4904128909111023,0.8901771306991577,-0.031185656785964966,0,0
58,NOSE,0.46687978506088257,0.5401649475097656,0.10042504966259003,0,0
58,LEFT_EYE_INNER,0.4651068449020386,0.531525194644928,0.0872887521982193,0,0
58,LEFT_EYE,0.4642041027545929,0.5305742621421814,0.0872785896062851,0,0
58,LEFT_EYE_OUTER,0.46355053782463074,0.5298636555671692,0.08727414906024933,0,0
58,RIGHT_EYE_INNER,0.46848264336586,0.5340835452079773,0.08334805816411972,0,0
58,RIGHT_EYE,0.4696837067604065,0.5348145961761475,0.08337046205997467,0,0
58,RIGHT_EYE_OUTER,0.4708636999130249,0.5355525016784668,0.08333321660757065,0,0
58,LEFT_EAR,0.45863184332847595,0.5327796936035156,0.040437180548906326,0,0
58,RIGHT_EAR,0.47049590945243835,0.5403071641921997,0.024365698918700218,0,0
58,MOUTH_LEFT,0.4642135798931122,0.5455624461174011,0.0883655697107315,0,0
58,MOUTH_RIGHT,0.4673883318901062,0.5478192567825317,0.08313033729791641,0,0
58,LEFT_SHOULDER,0.4299321472644806,0.564102292060852,0.036091823130846024,0,0
58,RIGHT_SHOULDER,0.47606223821640015,0.585207462310791,-0.0037629189901053905,0,0
58,LEFT_ELBOW,0.40756165981292725,0.6184549927711487,0.10428299754858017,0,0
58,RIGHT_ELBOW,0.4873366355895996,0.6230025291442871,0.03757937252521515,0,0
58,LEFT_WRIST,0.4231327474117279,0.6279633641242981,0.1955740600824356,0,0
58,RIGHT_WRIST,0.5028097033500671,0.5996009111404419,0.12518711388111115,0,0
58,LEFT_PINKY,0.4249243438243866,0.6319214701652527,0.21217045187950134,0,0
58,RIGHT_PINKY,0.522628903388977,0.5965896248817444,0.13605205714702606,0,0
58,LEFT_INDEX,0.42798131704330444,0.6319524049758911,0.20824024081230164,0,0
58,RIGHT_INDEX,0.5120944380760193,0.5894739031791687,0.13966958224773407,0,0
58,LEFT_THUMB,0.4281435012817383,0.6315454840660095,0.1976293921470642,0,0
58,RIGHT_THUMB,0.5100332498550415,0.5914840698242188,0.12994013726711273,0,0
58,LEFT_HIP,0.42332708835601807,0.6979190111160278,0.026609452441334724,0,0
58,RIGHT_HIP,0.451230525970459,0.7066829204559326,-0.02687852457165718,0,0
58,LEFT_KNEE,0.406257301568985,0.7527245879173279,0.13819171488285065,0,0
58,RIGHT_KNEE,0.4702126383781433,0.7807432413101196,0.013755097053945065,0,0
58,LEFT_ANKLE,0.3918350636959076,0.8211877346038818,0.18382756412029266,0,0
58,RIGHT_ANKLE,0.47194039821624756,0.8776786923408508,0.0004514853353612125,0,0
58,LEFT_HEEL,0.38990065455436707,0.8373467326164246,0.18978093564510345,0,0
58,RIGHT_HEEL,0.4661462903022766,0.8970711827278137,0.0008052224875427783,0,0
58,LEFT_FOOT_INDEX,0.3950302004814148,0.8159913420677185,0.20311836898326874,0,0
58,RIGHT_FOOT_INDEX,0.49032315611839294,0.8901961445808411,0.0029446338303387165,0,0
59,NOSE,0.4675152003765106,0.5410624742507935,0.0983976200222969,0,0
59,LEFT_EYE_INNER,0.465614914894104,0.5322901010513306,0.0845804288983345,0,0
59,LEFT_EYE,0.4643956422805786,0.5311920642852783,0.08457746356725693,0,0
59,LEFT_EYE_OUTER,0.46343013644218445,0.5302727222442627,0.08458246290683746,0,0
59,RIGHT_EYE_INNER,0.46948277950286865,0.5348192453384399,0.08137115091085434,0,0
59,RIGHT_EYE,0.4707155227661133,0.5354052782058716,0.08137921988964081,0,0
59,RIGHT_EYE_OUTER,0.47183024883270264,0.5359774827957153,0.08133412152528763,0,0
59,LEFT_EAR,0.4586256444454193,0.532360315322876,0.03606278449296951,0,0
59,RIGHT_EAR,0.47104600071907043,0.5402358770370483,0.019993476569652557,0,0
59,MOUTH_LEFT,0.4644385278224945,0.54584801197052,0.08405983448028564,0,0
59,MOUTH_RIGHT,0.4680865406990051,0.5482760667800903,0.07966110110282898,0,0
59,LEFT_SHOULDER,0.4302610456943512,0.5652777552604675,0.018484992906451225,0,0
59,RIGHT_SHOULDER,0.475576788187027,0.5851619243621826,-0.0018433306831866503,0,0
59,LEFT_ELBOW,0.4104907810688019,0.6225574016571045,0.08841035515069962,0,0
59,RIGHT_ELBOW,0.478181928396225,0.6353722214698792,0.058528199791908264,0,0
59,LEFT_WRIST,0.4248438775539398,0.6238903999328613,0.18991465866565704,0,0
59,RIGHT_WRIST,0.4588235020637512,0.6004781126976013,0.17340955138206482,0,0
59,LEFT_PINKY,0.4266219735145569,0.6252312064170837,0.20588447153568268,0,0
59,RIGHT_PINKY,0.4594528377056122,0.6088436841964722,0.19298353791236877,0,0
59,LEFT_INDEX,0.42993390560150146,0.6213801503181458,0.2046099305152893,0,0
59,RIGHT_INDEX,0.45629504323005676,0.6036936044692993,0.1946064829826355,0,0
59,LEFT_THUMB,0.4297104775905609,0.621771514415741,0.19265760481357574,0,0
59,RIGHT_THUMB,0.4555646777153015,0.6037524342536926,0.17801107466220856,0,0
59,LEFT_HIP,0.4234248995780945,0.6985797882080078,0.016970813274383545,0,0
59,RIGHT_HIP,0.4520888328552246,0.7079303860664368,-0.017205853015184402,0,0
59,LEFT_KNEE,0.40236660838127136,0.7486544847488403,0.12589412927627563,0,0
59,RIGHT_KNEE,0.4698182940483093,0.7812636494636536,0.05610990524291992,0,0
59,LEFT_ANKLE,0.3870682120323181,0.8231757879257202,0.11882301419973373,0,0
59,RIGHT_ANKLE,0.472479909658432,0.8773111701011658,0.0210286732763052,0,0
59,LEFT_HEEL,0.3862733542919159,0.8395914435386658,0.12071843445301056,0,0
59,RIGHT_HEEL,0.46686485409736633,0.8969316482543945,0.02025024965405464,0,0
59,LEFT_FOOT_INDEX,0.3885516822338104,0.8186813592910767,0.13910940289497375,0,0
59,RIGHT_FOOT_INDEX,0.4902665913105011,0.8902034163475037,0.03148812800645828,0,0
60,NOSE,0.4673531651496887,0.5401318073272705,0.1211053803563118,0,0
60,LEFT_EYE_INNER,0.46542200446128845,0.5314478874206543,0.10766899585723877,0,0
60,LEFT_EYE,0.4639700949192047,0.5305420756340027,0.10767022520303726,0,0
60,LEFT_EYE_OUTER,0.46263450384140015,0.5297747850418091,0.10767143219709396,0,0
60,RIGHT_EYE_INNER,0.4688580632209778,0.5338339805603027,0.10516525059938431,0,0
60,RIGHT_EYE,0.4699806869029999,0.5344448089599609,0.10517026484012604,0,0
60,RIGHT_EYE_OUTER,0.4711122512817383,0.5350578427314758,0.10512692481279373,0,0
60,LEFT_EAR,0.4576886296272278,0.5321829319000244,0.05415593832731247,0,0
60,RIGHT_EAR,0.4702552855014801,0.5395578742027283,0.04224376752972603,0,0
60,MOUTH_LEFT,0.46374568343162537,0.5449604988098145,0.10506561398506165,0,0
60,MOUTH_RIGHT,0.4675448536872864,0.5476222038269043,0.10135709494352341,0,0
60,LEFT_SHOULDER,0.4300810396671295,0.5664605498313904,0.027243511751294136,0,0
60,RIGHT_SHOULDER,0.4743044674396515,0.5841706991195679,0.021068288013339043,0,0
60,LEFT_ELBOW,0.41266700625419617,0.6264960169792175,0.09179335087537766,0,0
60,RIGHT_ELBOW,0.4586974084377289,0.6356978416442871,0.0670384094119072,0,0
60,LEFT_WRIST,0.42544835805892944,0.628838062286377,0.19628100097179413,0,0
60,RIGHT_WRIST,0.44096705317497253,0.616962730884552,0.1448419839143753,0,0
60,LEFT_PINKY,0.42690974473953247,0.6284670233726501,0.21010643243789673,0,0
60,RIGHT_PINKY,0.4387892782688141,0.6191679239273071,0.15945735573768616,0,0
60,LEFT_INDEX,0.4311569929122925,0.6259161829948425,0.20875884592533112,0,0
60,RIGHT_INDEX,0.4361713230609894,0.6143485903739929,0.15974828600883484,0,0
60,LEFT_THUMB,0.4317818582057953,0.6267531514167786,0.1986343115568161,0,0
60,RIGHT_THUMB,0.43617483973503113,0.6131352186203003,0.1476820558309555,0,0
60,LEFT_HIP,0.42460769414901733,0.6987749338150024,0.00944612268358469,0,0
60,RIGHT_HIP,0.45399704575538635,0.7087646722793579,-0.009643306024372578,0,0
60,LEFT_KNEE,0.3990226984024048,0.7489089369773865,0.08890718966722488,0,0
60,RIGHT_KNEE,0.46958380937576294,0.7835023999214172,0.05940502882003784,0,0
60,LEFT_ANKLE,0.38151824474334717,0.8270695209503174,0.07540842145681381,0,0
60,RIGHT_ANKLE,0.47279685735702515,0.8773161172866821,0.023024089634418488,0,0
60,LEFT_HEEL,0.3823365569114685,0.8430010080337524,0.07657265663146973,0,0
60,RIGHT_HEEL,0.46701040863990784,0.8968497514724731,0.021697144955396652,0,0
60,LEFT_FOOT_INDEX,0.3816297948360443,0.8272730112075806,0.08581889420747757,0,0
60,RIGHT_FOOT_INDEX,0.48997482657432556,0.8902309536933899,0.02645896188914776,0,0
61,NOSE,0.46390393376350403,0.5390185713768005,0.12245526164770126,0,0
61,LEFT_EYE_INNER,0.46236470341682434,0.5307392477989197,0.10804811120033264,0,0
61,LEFT_EYE,0.46072322130203247,0.5299744606018066,0.10806284844875336,0,0
61,LEFT_EYE_OUTER,0.459134578704834,0.5293939113616943,0.10806361585855484,0,0
61,RIGHT_EYE_INNER,0.4667358994483948,0.5327931642532349,0.10561263561248779,0,0
61,RIGHT_EYE,0.46828585863113403,0.5332845449447632,0.10561318695545197,0,0
61,RIGHT_EYE_OUTER,0.4701024889945984,0.533782958984375,0.10558532178401947,0,0
61,LEFT_EAR,0.4543229341506958,0.5318944454193115,0.053501758724451065,0,0
61,RIGHT_EAR,0.46915632486343384,0.5382163524627686,0.04069209843873978,0,0
61,MOUTH_LEFT,0.46022918820381165,0.5439611673355103,0.1059015616774559,0,0
61,MOUTH_RIGHT,0.4651740491390228,0.5465859174728394,0.10200716555118561,0,0
61,LEFT_SHOULDER,0.42936214804649353,0.5674145817756653,0.026096416637301445,0,0
61,RIGHT_SHOULDER,0.4706001281738281,0.5801314115524292,0.0217986311763525,0,0
61,LEFT_ELBOW,0.41348040103912354,0.6315035820007324,0.08283278346061707,0,0
61,RIGHT_ELBOW,0.44715115427970886,0.6241812705993652,0.042008087038993835,0,0
61,LEFT_WRIST,0.42569592595100403,0.6311821341514587,0.17937161028385162,0,0
61,RIGHT_WRIST,0.43139731884002686,0.5978565216064453,0.08132248371839523,0,0
61,LEFT_PINKY,0.4269742965698242,0.6360336542129517,0.19281905889511108,0,0
61,RIGHT_PINKY,0.4285617470741272,0.5926947593688965,0.09136588126420975,0,0
61,LEFT_INDEX,0.4305935204029083,0.6350112557411194,0.18912315368652344,0,0
61,RIGHT_INDEX,0.42477351427078247,0.5886944532394409,0.09431686997413635,0,0
61,LEFT_THUMB,0.43117693066596985,0.6355218291282654,0.1808544248342514,0,0
61,RIGHT_THUMB,0.4267437756061554,0.5912700295448303,0.0841171070933342,0,0
61,LEFT_HIP,0.42543265223503113,0.6995995044708252,0.009726593270897865,0,0
61,RIGHT_HIP,0.45595958828926086,0.7091017961502075,-0.0099285077303648,0,0
61,LEFT_KNEE,0.3966619372367859,0.7503849267959595,0.0752490758895874,0,0
61,RIGHT_KNEE,0.4699198603630066,0.7838203310966492,0.055380724370479584,0,0
61,LEFT_ANKLE,0.37863776087760925,0.8284416794776917,0.05263496935367584,0,0
61,RIGHT_ANKLE,0.47330790758132935,0.8771205544471741,0.005549144931137562,0,0
61,LEFT_HEEL,0.37900856137275696,0.8443037867546082,0.05272269994020462,0,0
61,RIGHT_HEEL,0.4677039384841919,0.8967736959457397,0.002686572726815939,0,0
61,LEFT_FOOT_INDEX,0.37839367985725403,0.8418973684310913,0.058307357132434845,0,0
61,RIGHT_FOOT_INDEX,0.4899579584598541,0.8902555704116821,0.0033366838470101357,0,0
62,NOSE,0.4635176658630371,0.5392863750457764,0.120356984436512,0,0
62,LEFT_EYE_INNER,0.461945116519928,0.5309973955154419,0.10603272169828415,0,0
62,LEFT_EYE,0.4602941870689392,0.5302135944366455,0.10604690760374069,0,0
62,LEFT_EYE_OUTER,0.4586954116821289,0.5296316742897034,0.10604861378669739,0,0
62,RIGHT_EYE_INNER,0.46646928787231445,0.533058762550354,0.10336903482675552,0,0
62,RIGHT_EYE,0.4682183265686035,0.5335648655891418,0.10336904972791672,0,0
62,RIGHT_EYE_OUTER,0.4697324335575104,0.5340777039527893,0.10334206372499466,0,0
62,LEFT_EAR,0.45394715666770935,0.5320943593978882,0.0528436116874218,0,0
62,RIGHT_EAR,0.4684533178806305,0.5383159518241882,0.03902178630232811,0,0
62,MOUTH_LEFT,0.45986878871917725,0.5441557765007019,0.10447771102190018,0,0
62,MOUTH_RIGHT,0.46483975648880005,0.5469229221343994,0.1002516821026802,0,0
62,LEFT_SHOULDER,0.4290711283683777,0.5681574940681458,0.026386525481939316,0,0
62,RIGHT_SHOULDER,0.4695419371128082,0.5790007710456848,0.021782444790005684,0,0
62,LEFT_ELBOW,0.4136750102043152,0.6332059502601624,0.08367111533880234,0,0
62,RIGHT_ELBOW,0.44558054208755493,0.6206376552581787,0.0434427373111248,0,0
62,LEFT_WRIST,0.42500215768814087,0.6320914030075073,0.18053299188613892,0,0
62,RIGHT_WRIST,0.42919233441352844,0.5925533175468445,0.08324941992759705,0,0
62,LEFT_PINKY,0.42651015520095825,0.639625608921051,0.19483904540538788,0,0
62,RIGHT_PINKY,0.4259057641029358,0.5862277746200562,0.09336798638105392,0,0
62,LEFT_INDEX,0.4300060570240021,0.6387301683425903,0.19042466580867767,0,0
62,RIGHT_INDEX,0.4213002622127533,0.5830622315406799,0.09589512646198273,0,0
62,LEFT_THUMB,0.4305742383003235,0.63908851146698,0.18201857805252075,0,0
62,RIGHT_THUMB,0.4230745732784271,0.5856121778488159,0.08592489361763,0,0
62,LEFT_HIP,0.42619791626930237,0.7012569308280945,0.010805662721395493,0,0
62,RIGHT_HIP,0.4563855230808258,0.7097386121749878,-0.011000523343682289,0,0
62,LEFT_KNEE,0.39638426899909973,0.7505050301551819,0.06684377789497375,0,0
62,RIGHT_KNEE,0.4703002870082855,0.783819317817688,0.05463258922100067,0,0
62,LEFT_ANKLE,0.3786650598049164,0.829380214214325,0.04212970286607742,0,0
62,RIGHT_ANKLE,0.47308120131492615,0.8770490288734436,0.00928990263491869,0,0
62,LEFT_HEEL,0.37836065888404846,0.844868004322052,0.041833437979221344,0,0
62,RIGHT_HEEL,0.4677988290786743,0.8967664837837219,0.006611061282455921,0,0
62,LEFT_FOOT_INDEX,0.3776910603046417,0.8443896174430847,0.04715143144130707,0,0
62,RIGHT_FOOT_INDEX,0.4875718057155609,0.889350414276123,0.009118587709963322,0,0
63,NOSE,0.4582451283931732,0.5383656620979309,0.1611999124288559,0,0
63,LEFT_EYE_INNER,0.4563577473163605,0.5301320552825928,0.146500363945961,0,0
63,LEFT_EYE,0.4543733298778534,0.5295039415359497,0.1464971899986267,0,0
63,LEFT_EYE_OUTER,0.45249003171920776,0.5290616154670715,0.1465301215648651,0,0
63,RIGHT_EYE_INNER,0.46142062544822693,0.5317181348800659,0.14577461779117584,0,0
63,RIGHT_EYE,0.46292150020599365,0.5321279764175415,0.14576506614685059,0,0
63,RIGHT_EYE_OUTER,0.4644508361816406,0.5326152443885803,0.14573433995246887,0,0
63,LEFT_EAR,0.4489499032497406,0.5319040417671204,0.08726891875267029,0,0
63,RIGHT_EAR,0.4649842083454132,0.5373201966285706,0.08299335092306137,0,0
63,MOUTH_LEFT,0.4542366862297058,0.5436514616012573,0.1423327922821045,0,0
63,MOUTH_RIGHT,0.45984411239624023,0.5460962653160095,0.14093269407749176,0,0
63,LEFT_SHOULDER,0.4291497766971588,0.5683597922325134,0.04637552425265312,0,0
63,RIGHT_SHOULDER,0.46934428811073303,0.5769233703613281,0.05486546456813812,0,0
63,LEFT_ELBOW,0.41497573256492615,0.6340293884277344,0.08681630343198776,0,0
63,RIGHT_ELBOW,0.4435845911502838,0.6204999089241028,0.06761100888252258,0,0
63,LEFT_WRIST,0.41514095664024353,0.622687578201294,0.1793234497308731,0,0
63,RIGHT_WRIST,0.42020002007484436,0.6004390716552734,0.08153266459703445,0,0
63,LEFT_PINKY,0.4101925194263458,0.6199514865875244,0.1874208003282547,0,0
63,RIGHT_PINKY,0.4106609523296356,0.5965516567230225,0.08800176531076431,0,0
63,LEFT_INDEX,0.4139271080493927,0.618294894695282,0.18452627956867218,0,0
63,RIGHT_INDEX,0.40886732935905457,0.5940331816673279,0.08902169018983841,0,0
63,LEFT_THUMB,0.41706424951553345,0.6202114224433899,0.17689482867717743,0,0
63,RIGHT_THUMB,0.41113796830177307,0.5953422784805298,0.08252265304327011,0,0
63,LEFT_HIP,0.4270226061344147,0.7023158073425293,0.003204815788194537,0,0
63,RIGHT_HIP,0.4572518765926361,0.7098252177238464,-0.003275530645623803,0,0
63,LEFT_KNEE,0.3963122069835663,0.7512556314468384,0.06023049354553223,0,0
63,RIGHT_KNEE,0.47044283151626587,0.7838001251220703,0.07651584595441818,0,0
63,LEFT_ANKLE,0.3759519159793854,0.8372571468353271,-0.030126897618174553,0,0
63,RIGHT_ANKLE,0.4729081094264984,0.8769509196281433,-0.00459198048338294,0,0
63,LEFT_HEEL,0.37743180990219116,0.8555088639259338,-0.036800090223550797,0,0
63,RIGHT_HEEL,0.4678160548210144,0.8966062068939209,-0.016658954322338104,0,0
63,LEFT_FOOT_INDEX,0.37039729952812195,0.8647091388702393,-0.027088159695267677,0,0
63,RIGHT_FOOT_INDEX,0.4869610667228699,0.8893910050392151,-0.005725138355046511,0,0
64,NOSE,0.4500385820865631,0.5383554697036743,0.19012846052646637,0,0
64,LEFT_EYE_INNER,0.4485228359699249,0.5303952097892761,0.1781042069196701,0,0
64,LEFT_EYE,0.4469470679759979,0.5299018025398254,0.17809146642684937,0,0
64,LEFT_EYE_OUTER,0.4454334080219269,0.5295536518096924,0.17812496423721313,0,0
64,RIGHT_EYE_INNER,0.4530508816242218,0.5316063761711121,0.17776796221733093,0,0
64,RIGHT_EYE,0.4544296860694885,0.5319111943244934,0.1777520328760147,0,0
64,RIGHT_EYE_OUTER,0.45583829283714294,0.5323224067687988,0.17770390212535858,0,0
64,LEFT_EAR,0.4428572654724121,0.5324006080627441,0.12437320500612259,0,0
64,RIGHT_EAR,0.4575594663619995,0.5372092127799988,0.12130158394575119,0,0
64,MOUTH_LEFT,0.44671592116355896,0.5438781976699829,0.17231307923793793,0,0
64,MOUTH_RIGHT,0.4514627456665039,0.5459093451499939,0.1712152659893036,0,0
64,LEFT_SHOULDER,0.42775043845176697,0.5718654990196228,0.0794670581817627,0,0
64,RIGHT_SHOULDER,0.4615557789802551,0.5764668583869934,0.08414570242166519,0,0
64,LEFT_ELBOW,0.4168860614299774,0.6334698796272278,0.08934887498617172,0,0
64,RIGHT_ELBOW,0.44070324301719666,0.6128270030021667,0.06277385354042053,0,0
64,LEFT_WRIST,0.4021713137626648,0.6303561329841614,0.14751450717449188,0,0
64,RIGHT_WRIST,0.41362857818603516,0.6037496328353882,0.06364836543798447,0,0
64,LEFT_PINKY,0.39898377656936646,0.621151328086853,0.15160530805587769,0,0
64,RIGHT_PINKY,0.40662047266960144,0.6012067794799805,0.059641603380441666,0,0
64,LEFT_INDEX,0.40008360147476196,0.6198386549949646,0.15047036111354828,0,0
64,RIGHT_INDEX,0.4048152267932892,0.5969569683074951,0.055531639605760574,0,0
64,LEFT_THUMB,0.4053069055080414,0.6218438744544983,0.14806784689426422,0,0
64,RIGHT_THUMB,0.4069981276988983,0.5956372618675232,0.0685342326760292,0,0
64,LEFT_HIP,0.42764484882354736,0.7070654034614563,0.0016591177554801106,0,0
64,RIGHT_HIP,0.4567038416862488,0.7105361819267273,-0.0017494981875643134,0,0
64,LEFT_KNEE,0.3964318335056305,0.7637040019035339,0.031727973371744156,0,0
64,RIGHT_KNEE,0.47031456232070923,0.7837912440299988,0.04992665350437164,0,0
64,LEFT_ANKLE,0.37309950590133667,0.8555716872215271,-0.06815697252750397,0,0
64,RIGHT_ANKLE,0.4728063642978668,0.8771440386772156,-0.04749532788991928,0,0
64,LEFT_HEEL,0.37483102083206177,0.8714152574539185,-0.07784014195203781,0,0
64,RIGHT_HEEL,0.4677305817604065,0.8965978026390076,-0.05694982036948204,0,0
64,LEFT_FOOT_INDEX,0.3685912787914276,0.8849507570266724,-0.07978170365095139,0,0
64,RIGHT_FOOT_INDEX,0.4843197762966156,0.8890695571899414,-0.05664187669754028,0,0
65,NOSE,0.44452205300331116,0.5387207865715027,0.18373505771160126,0,0
65,LEFT_EYE_INNER,0.442428320646286,0.5309094786643982,0.17181262373924255,0,0
65,LEFT_EYE,0.4408268928527832,0.5303382873535156,0.17181332409381866,0,0
65,LEFT_EYE_OUTER,0.43931373953819275,0.5298382043838501,0.17182667553424835,0,0
65,RIGHT_EYE_INNER,0.44692733883857727,0.5318666696548462,0.17178954184055328,0,0
65,RIGHT_EYE,0.44828078150749207,0.5319976806640625,0.17177177965641022,0,0
65,RIGHT_EYE_OUTER,0.449529767036438,0.5321683287620544,0.1717180460691452,0,0
65,LEFT_EAR,0.4367830455303192,0.5325747728347778,0.11847380548715591,0,0
65,RIGHT_EAR,0.4510158598423004,0.5368092656135559,0.1168120950460434,0,0
65,MOUTH_LEFT,0.441669762134552,0.5442894101142883,0.16608385741710663,0,0
65,MOUTH_RIGHT,0.4460452198982239,0.5455229878425598,0.16535918414592743,0,0
65,LEFT_SHOULDER,0.42508915066719055,0.5743484497070312,0.0807235911488533,0,0
65,RIGHT_SHOULDER,0.4539489150047302,0.5761246681213379,0.08232997357845306,0,0
65,LEFT_ELBOW,0.4142041802406311,0.6319957971572876,0.10325789451599121,0,0
65,RIGHT_ELBOW,0.43501079082489014,0.6147684454917908,0.07953134179115295,0,0
65,LEFT_WRIST,0.4002333879470825,0.6275971531867981,0.16268141567707062,0,0
65,RIGHT_WRIST,0.41111618280410767,0.6207494735717773,0.08132130652666092,0,0
65,LEFT_PINKY,0.39452022314071655,0.6222707629203796,0.16445524990558624,0,0
65,RIGHT_PINKY,0.4022076725959778,0.6202965378761292,0.08375496417284012,0,0
65,LEFT_INDEX,0.39647355675697327,0.6196911931037903,0.16726461052894592,0,0
65,RIGHT_INDEX,0.39962369203567505,0.617319643497467,0.08295808732509613,0,0
65,LEFT_THUMB,0.39857548475265503,0.620985746383667,0.1646588146686554,0,0
65,RIGHT_THUMB,0.4045611023902893,0.6191919445991516,0.08169656246900558,0,0
65,LEFT_HIP,0.42789238691329956,0.7117672562599182,0.00255594146437943,0,0
65,RIGHT_HIP,0.4555220305919647,0.7105725407600403,-0.0027021528221666813,0,0
65,LEFT_KNEE,0.39753997325897217,0.776737630367279,-0.01010533794760704,0,0
65,RIGHT_KNEE,0.46992647647857666,0.784170925617218,0.0440688356757164,0,0
65,LEFT_ANKLE,0.37355631589889526,0.8726499080657959,-0.08416161686182022,0,0
65,RIGHT_ANKLE,0.4727858304977417,0.8771372437477112,-0.034238748252391815,0,0
65,LEFT_HEEL,0.37442129850387573,0.8897022604942322,-0.09193120151758194,0,0
65,RIGHT_HEEL,0.46764880418777466,0.8965983986854553,-0.04006289318203926,0,0
65,LEFT_FOOT_INDEX,0.3709488809108734,0.9011936187744141,-0.10506375879049301,0,0
65,RIGHT_FOOT_INDEX,0.484833300113678,0.8892675042152405,-0.04615926370024681,0,0
66,NOSE,0.4356864094734192,0.5401848554611206,0.1887327879667282,0,0
66,LEFT_EYE_INNER,0.43386730551719666,0.5335448384284973,0.1761060506105423,0,0
66,LEFT_EYE,0.43249833583831787,0.5334544777870178,0.17609092593193054,0,0
66,LEFT_EYE_OUTER,0.43106281757354736,0.5334344506263733,0.17609919607639313,0,0
66,RIGHT_EYE_INNER,0.43803709745407104,0.533399224281311,0.17685876786708832,0,0
66,RIGHT_EYE,0.4394826889038086,0.5332254767417908,0.17685037851333618,0,0
66,RIGHT_EYE_OUTER,0.4409100115299225,0.5330651998519897,0.17679259181022644,0,0
66,LEFT_EAR,0.42921745777130127,0.5367077589035034,0.12259992212057114,0,0
66,RIGHT_EAR,0.4427456557750702,0.5370698571205139,0.12441472709178925,0,0
66,MOUTH_LEFT,0.43348637223243713,0.5456622242927551,0.17115721106529236,0,0
66,MOUTH_RIGHT,0.437529593706131,0.5457860827445984,0.17142191529273987,0,0
66,LEFT_SHOULDER,0.42228227853775024,0.5784304738044739,0.07874332368373871,0,0
66,RIGHT_SHOULDER,0.44884300231933594,0.5764498710632324,0.08466287702322006,0,0
66,LEFT_ELBOW,0.4115719199180603,0.6311187148094177,0.04232706129550934,0,0
66,RIGHT_ELBOW,0.43600159883499146,0.6134334802627563,0.05364873260259628,0,0
66,LEFT_WRIST,0.4019068479537964,0.634999692440033,0.020094821229577065,0,0
66,RIGHT_WRIST,0.41160091757774353,0.6266768574714661,-0.03440343588590622,0,0
66,LEFT_PINKY,0.3985990583896637,0.6358123421669006,0.011773452162742615,0,0
66,RIGHT_PINKY,0.40403100848197937,0.6298723816871643,-0.042466647922992706,0,0
66,LEFT_INDEX,0.399413138628006,0.630276083946228,0.012307100929319859,0,0
66,RIGHT_INDEX,0.402176171541214,0.6290152072906494,-0.041929472237825394,0,0
66,LEFT_THUMB,0.40095406770706177,0.6302881836891174,0.01991044357419014,0,0
66,RIGHT_THUMB,0.40643051266670227,0.6295998692512512,-0.03572588413953781,0,0
66,LEFT_HIP,0.42773011326789856,0.7164894342422485,0.001132679870352149,0,0
66,RIGHT_HIP,0.4547692835330963,0.7127286195755005,-0.001334881642833352,0,0
66,LEFT_KNEE,0.39791691303253174,0.7901661992073059,-0.017376195639371872,0,0
66,RIGHT_KNEE,0.4689972698688507,0.7851513028144836,0.040056031197309494,0,0
66,LEFT_ANKLE,0.37446725368499756,0.8891575336456299,-0.08752931654453278,0,0
66,RIGHT_ANKLE,0.4723312556743622,0.8772021532058716,-0.013294681906700134,0,0
66,LEFT_HEEL,0.374360591173172,0.9082772135734558,-0.09528376162052155,0,0
66,RIGHT_HEEL,0.4673977792263031,0.896386981010437,-0.018656885251402855,0,0
66,LEFT_FOOT_INDEX,0.36964231729507446,0.907927930355072,-0.11039808392524719,0,0
66,RIGHT_FOOT_INDEX,0.48510774970054626,0.8898087739944458,-0.028637515380978584,0,0
67,NOSE,0.43519163131713867,0.5402855277061462,0.2124021053314209,0,0
67,LEFT_EYE_INNER,0.4331546723842621,0.5341598987579346,0.2014504075050354,0,0
67,LEFT_EYE,0.43173888325691223,0.5342364311218262,0.20143404603004456,0,0
67,LEFT_EYE_OUTER,0.4303162395954132,0.5343633890151978,0.2014545053243637,0,0
67,RIGHT_EYE_INNER,0.4374430477619171,0.5334988832473755,0.20204754173755646,0,0
67,RIGHT_EYE,0.43879595398902893,0.533320426940918,0.2020476907491684,0,0
67,RIGHT_EYE_OUTER,0.4401172697544098,0.5332886576652527,0.20198801159858704,0,0
67,LEFT_EAR,0.4289025366306305,0.5376208424568176,0.151405468583107,0,0
67,RIGHT_EAR,0.4417724311351776,0.5372779369354248,0.152676060795784,0,0
67,MOUTH_LEFT,0.4328785836696625,0.5459566116333008,0.19561155140399933,0,0
67,MOUTH_RIGHT,0.4371550381183624,0.5461336374282837,0.1956947296857834,0,0
67,LEFT_SHOULDER,0.42161673307418823,0.579112708568573,0.09615694731473923,0,0
67,RIGHT_SHOULDER,0.4476243257522583,0.5764104723930359,0.11221575736999512,0,0
67,LEFT_ELBOW,0.4132692217826843,0.6306789517402649,0.01624637097120285,0,0
67,RIGHT_ELBOW,0.4330642819404602,0.6118848323822021,0.04380800202488899,0,0
67,LEFT_WRIST,0.402951717376709,0.6400271654129028,-0.06263521313667297,0,0
67,RIGHT_WRIST,0.4071911573410034,0.6307911276817322,-0.04750053584575653,0,0
67,LEFT_PINKY,0.39870479702949524,0.6422847509384155,-0.07972056418657303,0,0
67,RIGHT_PINKY,0.40069320797920227,0.6357322335243225,-0.059434179216623306,0,0
67,LEFT_INDEX,0.39879509806632996,0.6378113031387329,-0.07762100547552109,0,0
67,RIGHT_INDEX,0.40009596943855286,0.6346835494041443,-0.05805433914065361,0,0
67,LEFT_THUMB,0.40140917897224426,0.6372961401939392,-0.06384872645139694,0,0
67,RIGHT_THUMB,0.40224185585975647,0.6343092322349548,-0.04904358088970184,0,0
67,LEFT_HIP,0.4277115762233734,0.7154550552368164,-0.005619666539132595,0,0
67,RIGHT_HIP,0.4546130299568176,0.7126021981239319,0.00542865414172411,0,0
67,LEFT_KNEE,0.3974425494670868,0.7893240451812744,-0.014682657085359097,0,0
67,RIGHT_KNEE,0.46775928139686584,0.7846910357475281,0.039774056524038315,0,0
67,LEFT_ANKLE,0.37518417835235596,0.8910397887229919,-0.09062492847442627,0,0
67,RIGHT_ANKLE,0.4722873866558075,0.8776136636734009,-0.023373113945126534,0,0
67,LEFT_HEEL,0.3750879168510437,0.9122557640075684,-0.099387027323246,0,0
67,RIGHT_HEEL,0.4673739969730377,0.8963876366615295,-0.03131899610161781,0,0
67,LEFT_FOOT_INDEX,0.36830511689186096,0.9046630859375,-0.1126270666718483,0,0
67,RIGHT_FOOT_INDEX,0.48533570766448975,0.8905896544456482,-0.043073419481515884,0,0
68,NOSE,0.4287756085395813,0.5429196953773499,0.19318106770515442,0,0
68,LEFT_EYE_INNER,0.42649853229522705,0.5368362069129944,0.17986559867858887,0,0
68,LEFT_EYE,0.4251159727573395,0.5370774269104004,0.17984627187252045,0,0
68,LEFT_EYE_OUTER,0.42366254329681396,0.5373689532279968,0.17983917891979218,0,0
68,RIGHT_EYE_INNER,0.43056729435920715,0.5358729958534241,0.18262812495231628,0,0
68,RIGHT_EYE,0.43188536167144775,0.5355711579322815,0.18263499438762665,0,0
68,RIGHT_EYE_OUTER,0.4332331418991089,0.535359799861908,0.18258881568908691,0,0
68,LEFT_EAR,0.42182204127311707,0.5410967469215393,0.12282633781433105,0,0
68,RIGHT_EAR,0.43516805768013,0.5390543341636658,0.13323794305324554,0,0
68,MOUTH_LEFT,0.4268551170825958,0.548705518245697,0.1739095151424408,0,0
68,MOUTH_RIGHT,0.4307512640953064,0.548345148563385,0.1767534464597702,0,0
68,LEFT_SHOULDER,0.4149967133998871,0.5870345234870911,0.07744923233985901,0,0
68,RIGHT_SHOULDER,0.4434189796447754,0.5767249464988708,0.10147959738969803,0,0
68,LEFT_ELBOW,0.409803569316864,0.6372610330581665,-0.0027384241111576557,0,0
68,RIGHT_ELBOW,0.4300542175769806,0.6179541945457458,0.04196861758828163,0,0
68,LEFT_WRIST,0.401305615901947,0.6528176069259644,-0.05287676677107811,0,0
68,RIGHT_WRIST,0.40762296319007874,0.6407350301742554,-0.07256931811571121,0,0
68,LEFT_PINKY,0.3974010646343231,0.6574270725250244,-0.06838205456733704,0,0
68,RIGHT_PINKY,0.402141273021698,0.6442818641662598,-0.08702199906110764,0,0
68,LEFT_INDEX,0.3978515565395355,0.6520862579345703,-0.06673267483711243,0,0
68,RIGHT_INDEX,0.4017076790332794,0.6443213224411011,-0.08509449660778046,0,0
68,LEFT_THUMB,0.4013012647628784,0.6504957675933838,-0.05374003201723099,0,0
68,RIGHT_THUMB,0.40336212515830994,0.6443178653717041,-0.07459647953510284,0,0
68,LEFT_HIP,0.4247402846813202,0.7200644612312317,-0.013215571641921997,0,0
68,RIGHT_HIP,0.45245760679244995,0.7155491709709167,0.013080952689051628,0,0
68,LEFT_KNEE,0.39466917514801025,0.7925160527229309,-0.030029697343707085,0,0
68,RIGHT_KNEE,0.4660830795764923,0.7847521901130676,0.03751920908689499,0,0
68,LEFT_ANKLE,0.3759365379810333,0.8965721726417542,-0.08996705710887909,0,0
68,RIGHT_ANKLE,0.4722679853439331,0.8783845901489258,-0.024622062221169472,0,0
68,LEFT_HEEL,0.3755979537963867,0.919449508190155,-0.09693578630685806,0,0
68,RIGHT_HEEL,0.4675878584384918,0.896766185760498,-0.03216199204325676,0,0
68,LEFT_FOOT_INDEX,0.3664768934249878,0.9032899141311646,-0.11334969848394394,0,0
68,RIGHT_FOOT_INDEX,0.4839083254337311,0.8908389806747437,-0.04694494232535362,0,0
69,NOSE,0.4232093393802643,0.545996367931366,0.17860473692417145,0,0
69,LEFT_EYE_INNER,0.4205624461174011,0.5395674109458923,0.16513650119304657,0,0
69,LEFT_EYE,0.41904374957084656,0.5399536490440369,0.16512911021709442,0,0
69,LEFT_EYE_OUTER,0.41748347878456116,0.5404303669929504,0.1651342511177063,0,0
69,RIGHT_EYE_INNER,0.42502960562705994,0.5384540557861328,0.16790157556533813,0,0
69,RIGHT_EYE,0.42634108662605286,0.5380930304527283,0.16790029406547546,0,0
69,RIGHT_EYE_OUTER,0.42764824628829956,0.537773847579956,0.16785240173339844,0,0
69,LEFT_EAR,0.4153768718242645,0.5446889400482178,0.11014480888843536,0,0
69,RIGHT_EAR,0.42962154746055603,0.5413861274719238,0.11826536059379578,0,0
69,MOUTH_LEFT,0.4210646450519562,0.5521302819252014,0.15964382886886597,0,0
69,MOUTH_RIGHT,0.4253203272819519,0.5515986680984497,0.16224589943885803,0,0
69,LEFT_SHOULDER,0.4111141264438629,0.5909508466720581,0.047760970890522,0,0
69,RIGHT_SHOULDER,0.4371055066585541,0.5799254775047302,0.09717487543821335,0,0
69,LEFT_ELBOW,0.41051965951919556,0.6514495015144348,-0.005928201135247946,0,0
69,RIGHT_ELBOW,0.4252481162548065,0.629276692867279,0.04540236294269562,0,0
69,LEFT_WRIST,0.40327897667884827,0.6727911829948425,-0.04144197702407837,0,0
69,RIGHT_WRIST,0.4018961191177368,0.6545243263244629,-0.03453534096479416,0,0
69,LEFT_PINKY,0.3994770646095276,0.6800973415374756,-0.05573974922299385,0,0
69,RIGHT_PINKY,0.3941005766391754,0.6647254228591919,-0.04341788589954376,0,0
69,LEFT_INDEX,0.39923807978630066,0.676190197467804,-0.054416511207818985,0,0
69,RIGHT_INDEX,0.39381858706474304,0.6637037992477417,-0.044677428901195526,0,0
69,LEFT_THUMB,0.40160560607910156,0.6727397441864014,-0.042006149888038635,0,0
69,RIGHT_THUMB,0.39592885971069336,0.6604042053222656,-0.03696936368942261,0,0
69,LEFT_HIP,0.4226762354373932,0.7224910259246826,-0.019936587661504745,0,0
69,RIGHT_HIP,0.4491426348686218,0.7171448469161987,0.019829856231808662,0,0
69,LEFT_KNEE,0.3910232484340668,0.7958011627197266,-0.032631244510412216,0,0
69,RIGHT_KNEE,0.46292439103126526,0.7856581211090088,0.04632832854986191,0,0
69,LEFT_ANKLE,0.37636998295783997,0.8981876373291016,-0.08108711242675781,0,0
69,RIGHT_ANKLE,0.4722311198711395,0.8787007927894592,-0.007998494431376457,0,0
69,LEFT_HEEL,0.37670469284057617,0.9197105169296265,-0.08626006543636322,0,0
69,RIGHT_HEEL,0.46880802512168884,0.8969844579696655,-0.014656760729849339,0,0
69,LEFT_FOOT_INDEX,0.3645183742046356,0.9064456224441528,-0.10043442249298096,0,0
69,RIGHT_FOOT_INDEX,0.4838230013847351,0.8908469080924988,-0.03262009099125862,0,0
70,NOSE,0.4172472059726715,0.5471639633178711,0.1805555373430252,0,0
70,LEFT_EYE_INNER,0.4143837094306946,0.5409564971923828,0.1652792990207672,0,0
70,LEFT_EYE,0.4128980040550232,0.5414268970489502,0.16527026891708374,0,0
70,LEFT_EYE_OUTER,0.4114031493663788,0.5419967174530029,0.16528195142745972,0,0
70,RIGHT_EYE_INNER,0.4189831018447876,0.5395933389663696,0.16925866901874542,0,0
70,RIGHT_EYE,0.4204450845718384,0.5391349196434021,0.16928157210350037,0,0
70,RIGHT_EYE_OUTER,0.4219134449958801,0.5387471318244934,0.16924262046813965,0,0
70,LEFT_EAR,0.4097510576248169,0.5462051630020142,0.10650300979614258,0,0
70,RIGHT_EAR,0.42419198155403137,0.5422833561897278,0.11811883747577667,0,0
70,MOUTH_LEFT,0.4155910313129425,0.5537202954292297,0.15935836732387543,0,0
70,MOUTH_RIGHT,0.41998258233070374,0.5528090000152588,0.16377876698970795,0,0
70,LEFT_SHOULDER,0.40505722165107727,0.5906006097793579,0.033217404037714005,0,0
70,RIGHT_SHOULDER,0.43182504177093506,0.5805616974830627,0.09500730037689209,0,0
70,LEFT_ELBOW,0.41049477458000183,0.650738537311554,-0.06314168870449066,0,0
70,RIGHT_ELBOW,0.4244014322757721,0.6361997127532959,0.034104134887456894,0,0
70,LEFT_WRIST,0.3942398130893707,0.6794491410255432,-0.15138965845108032,0,0
70,RIGHT_WRIST,0.4018360674381256,0.6680845618247986,-0.07021450996398926,0,0
70,LEFT_PINKY,0.39012378454208374,0.6906619668006897,-0.1739596277475357,0,0
70,RIGHT_PINKY,0.39574795961380005,0.682701051235199,-0.08438075333833694,0,0
70,LEFT_INDEX,0.3891487419605255,0.6868680119514465,-0.17048929631710052,0,0
70,RIGHT_INDEX,0.39472803473472595,0.6806337833404541,-0.08582449704408646,0,0
70,LEFT_THUMB,0.39083346724510193,0.6826908588409424,-0.15191546082496643,0,0
70,RIGHT_THUMB,0.39622870087623596,0.6770013570785522,-0.0733184814453125,0,0
70,LEFT_HIP,0.4189465641975403,0.7211743593215942,-0.017822884023189545,0,0
70,RIGHT_HIP,0.44528400897979736,0.7166112661361694,0.01767229475080967,0,0
70,LEFT_KNEE,0.3862641155719757,0.7945380210876465,-0.020159641280770302,0,0
70,RIGHT_KNEE,0.4598388075828552,0.7862645983695984,0.05359033867716789,0,0
70,LEFT_ANKLE,0.37583085894584656,0.8996394872665405,-0.06406466662883759,0,0
70,RIGHT_ANKLE,0.4721893072128296,0.8787654638290405,0.002496854169294238,0,0
70,LEFT_HEEL,0.3778679668903351,0.9195997714996338,-0.06857725232839584,0,0
70,RIGHT_HEEL,0.4710637927055359,0.8969805240631104,-0.0035009949933737516,0,0
70,LEFT_FOOT_INDEX,0.36337265372276306,0.9073001146316528,-0.08234218508005142,0,0
70,RIGHT_FOOT_INDEX,0.48166146874427795,0.8881117105484009,-0.021822519600391388,0,0
71,NOSE,0.41155827045440674,0.5475211143493652,0.17684103548526764,0,0
71,LEFT_EYE_INNER,0.4087323248386383,0.5411664843559265,0.16134509444236755,0,0
71,LEFT_EYE,0.40726619958877563,0.5416170954704285,0.1613253504037857,0,0
71,LEFT_EYE_OUTER,0.40573322772979736,0.5421715378761292,0.16133426129817963,0,0
71,RIGHT_EYE_INNER,0.41311267018318176,0.5397735238075256,0.1662321537733078,0,0
71,RIGHT_EYE,0.4144815504550934,0.5392873287200928,0.16626445949077606,0,0
71,RIGHT_EYE_OUTER,0.4158886969089508,0.5388739109039307,0.1662275195121765,0,0
71,LEFT_EAR,0.4043252170085907,0.546280026435852,0.09997276961803436,0,0
71,RIGHT_EAR,0.4187372028827667,0.5423088073730469,0.11894217133522034,0,0
71,MOUTH_LEFT,0.41010889410972595,0.5541210770606995,0.15584415197372437,0,0
71,MOUTH_RIGHT,0.41414111852645874,0.5531303286552429,0.1616101861000061,0,0
71,LEFT_SHOULDER,0.3997139632701874,0.5886889696121216,0.027783086523413658,0,0
71,RIGHT_SHOULDER,0.4309838116168976,0.5824176073074341,0.10069038718938828,0,0
71,LEFT_ELBOW,0.40417221188545227,0.6486518383026123,-0.05575946718454361,0,0
71,RIGHT_ELBOW,0.42564019560813904,0.6457350850105286,0.04763086885213852,0,0
71,LEFT_WRIST,0.3906159996986389,0.6892102360725403,-0.12158508598804474,0,0
71,RIGHT_WRIST,0.40611082315444946,0.6913729906082153,-0.037632234394550323,0,0
71,LEFT_PINKY,0.3865056335926056,0.701702892780304,-0.1418907344341278,0,0
71,RIGHT_PINKY,0.4011687934398651,0.7040653824806213,-0.04757348820567131,0,0
71,LEFT_INDEX,0.3850730061531067,0.6986525654792786,-0.13727502524852753,0,0
71,RIGHT_INDEX,0.39906197786331177,0.6971414685249329,-0.04927956685423851,0,0
71,LEFT_THUMB,0.38716036081314087,0.6945723295211792,-0.12085152417421341,0,0
71,RIGHT_THUMB,0.4004015326499939,0.7004832029342651,-0.039880283176898956,0,0
71,LEFT_HIP,0.41440078616142273,0.7200327515602112,-0.01831163838505745,0,0
71,RIGHT_HIP,0.4410364031791687,0.7162994742393494,0.018134843558073044,0,0
71,LEFT_KNEE,0.3846987187862396,0.7964001893997192,-0.012696417048573494,0,0
71,RIGHT_KNEE,0.45841166377067566,0.7863122820854187,0.06302117556333542,0,0
71,LEFT_ANKLE,0.37576496601104736,0.9012805819511414,-0.05517025291919708,0,0
71,RIGHT_ANKLE,0.47212570905685425,0.8788376450538635,0.014345514588057995,0,0
71,LEFT_HEEL,0.37895816564559937,0.9199537038803101,-0.05964541435241699,0,0
71,RIGHT_HEEL,0.47072285413742065,0.8969798684120178,0.00852220132946968,0,0
71,LEFT_FOOT_INDEX,0.362399160861969,0.9089698791503906,-0.0741889700293541,0,0
71,RIGHT_FOOT_INDEX,0.4820980429649353,0.8882639408111572,-0.00802648440003395,0,0
72,NOSE,0.4110350012779236,0.5480194091796875,0.17436695098876953,0,0
72,LEFT_EYE_INNER,0.40835335850715637,0.5416250824928284,0.15405826270580292,0,0
72,LEFT_EYE,0.4069350063800812,0.5421159863471985,0.1540256142616272,0,0
72,LEFT_EYE_OUTER,0.4055204689502716,0.5427253842353821,0.15403400361537933,0,0
72,RIGHT_EYE_INNER,0.41282975673675537,0.5400914549827576,0.16538934409618378,0,0
72,RIGHT_EYE,0.41435423493385315,0.539561927318573,0.1655176281929016,0,0
72,RIGHT_EYE_OUTER,0.4158378541469574,0.5391054153442383,0.1654924750328064,0,0
72,LEFT_EAR,0.404630571603775,0.5468417406082153,0.08605115860700607,0,0
72,RIGHT_EAR,0.41892582178115845,0.5424575805664062,0.113661028444767,0,0
72,MOUTH_LEFT,0.4095550775527954,0.5548582673072815,0.14793996512889862,0,0
72,MOUTH_RIGHT,0.41369351744651794,0.5536884069442749,0.16142119467258453,0,0
72,LEFT_SHOULDER,0.3996410071849823,0.5892260670661926,0.01722409762442112,0,0
72,RIGHT_SHOULDER,0.4306793510913849,0.583645761013031,0.08951078355312347,0,0
72,LEFT_ELBOW,0.4033758044242859,0.6493332982063293,-0.07072626799345016,0,0
72,RIGHT_ELBOW,0.4253503382205963,0.64533531665802,0.03440151736140251,0,0
72,LEFT_WRIST,0.3897533714771271,0.6900478601455688,-0.14223307371139526,0,0
72,RIGHT_WRIST,0.40395984053611755,0.6873665452003479,-0.059129901230335236,0,0
72,LEFT_PINKY,0.38550859689712524,0.7015126943588257,-0.1632756143808365,0,0
72,RIGHT_PINKY,0.39852216839790344,0.6990976929664612,-0.071431003510952,0,0
72,LEFT_INDEX,0.3844222128391266,0.6984046101570129,-0.15868400037288666,0,0
72,RIGHT_INDEX,0.39650866389274597,0.6994818449020386,-0.074266217648983,0,0
72,LEFT_THUMB,0.38679465651512146,0.6945191025733948,-0.14164449274539948,0,0
72,RIGHT_THUMB,0.3977009057998657,0.6961849331855774,-0.06261537224054337,0,0
72,LEFT_HIP,0.41403183341026306,0.7207549810409546,-0.017203303053975105,0,0
72,RIGHT_HIP,0.4405580461025238,0.7162436842918396,0.017020849511027336,0,0
72,LEFT_KNEE,0.3833789825439453,0.7971207499504089,-0.013047686778008938,0,0
72,RIGHT_KNEE,0.45808422565460205,0.7868459224700928,0.062424566596746445,0,0
72,LEFT_ANKLE,0.37575584650039673,0.9018265604972839,-0.05200176686048508,0,0
72,RIGHT_ANKLE,0.4720916152000427,0.8788712620735168,0.017237050458788872,0,0
72,LEFT_HEEL,0.37925979495048523,0.9205529689788818,-0.056194134056568146,0,0
72,RIGHT_HEEL,0.4708433151245117,0.8969448208808899,0.011957457289099693,0,0
72,LEFT_FOOT_INDEX,0.36308372020721436,0.9078601002693176,-0.07028268277645111,0,0
72,RIGHT_FOOT_INDEX,0.48272180557250977,0.8880317211151123,-0.0027651365380734205,0,0
73,NOSE,0.4082058072090149,0.5478455424308777,0.19741100072860718,0,0
73,LEFT_EYE_INNER,0.4052998721599579,0.5413461327552795,0.18129181861877441,0,0
73,LEFT_EYE,0.40369898080825806,0.5417600274085999,0.18126995861530304,0,0
73,LEFT_EYE_OUTER,0.4021661579608917,0.5422849655151367,0.18127410113811493,0,0
73,RIGHT_EYE_INNER,0.40995344519615173,0.5399918556213379,0.1860828846693039,0,0
73,RIGHT_EYE,0.41147252917289734,0.5395014882087708,0.18612278997898102,0,0
73,RIGHT_EYE_OUTER,0.4129244089126587,0.5390778183937073,0.18607749044895172,0,0
73,LEFT_EAR,0.40053021907806396,0.5462926626205444,0.11396166682243347,0,0
73,RIGHT_EAR,0.41577133536338806,0.5424237847328186,0.1331307590007782,0,0
73,MOUTH_LEFT,0.4064454734325409,0.5546311736106873,0.17480400204658508,0,0
73,MOUTH_RIGHT,0.41082704067230225,0.5536046028137207,0.1804899424314499,0,0
73,LEFT_SHOULDER,0.39255282282829285,0.5883245468139648,0.038737911731004715,0,0
73,RIGHT_SHOULDER,0.4298146665096283,0.5840231776237488,0.10500971227884293,0,0
73,LEFT_ELBOW,0.39556482434272766,0.6495722532272339,-0.031844232231378555,0,0
73,RIGHT_ELBOW,0.4225209355354309,0.6435861587524414,0.032015345990657806,0,0
73,LEFT_WRIST,0.3884410560131073,0.6863347291946411,-0.09317915141582489,0,0
73,RIGHT_WRIST,0.4010680615901947,0.6833817362785339,-0.07580462843179703,0,0
73,LEFT_PINKY,0.38639286160469055,0.6969937086105347,-0.11246480792760849,0,0
73,RIGHT_PINKY,0.3958691358566284,0.6937506198883057,-0.0907880887389183,0,0
73,LEFT_INDEX,0.3859676122665405,0.6937245726585388,-0.10826221853494644,0,0
73,RIGHT_INDEX,0.3942102789878845,0.6884421706199646,-0.09187543392181396,0,0
73,LEFT_THUMB,0.38753217458724976,0.6903101801872253,-0.09287326782941818,0,0
73,RIGHT_THUMB,0.39416155219078064,0.6917163133621216,-0.0792727991938591,0,0
73,LEFT_HIP,0.40989428758621216,0.7200921177864075,-0.015874473378062248,0,0
73,RIGHT_HIP,0.4373044967651367,0.7152220010757446,0.015669990330934525,0,0
73,LEFT_KNEE,0.3824715316295624,0.7978328466415405,-0.006075042765587568,0,0
73,RIGHT_KNEE,0.4572905898094177,0.7867844104766846,0.06598106026649475,0,0
73,LEFT_ANKLE,0.3758357763290405,0.8999715447425842,-0.058693088591098785,0,0
73,RIGHT_ANKLE,0.47211360931396484,0.8786367774009705,0.00835645105689764,0,0
73,LEFT_HEEL,0.3793986141681671,0.9194765686988831,-0.06518595665693283,0,0
73,RIGHT_HEEL,0.4711866080760956,0.8966488838195801,0.0018430822528898716,0,0
73,LEFT_FOOT_INDEX,0.36290442943573,0.907323956489563,-0.08175277709960938,0,0
73,RIGHT_FOOT_INDEX,0.483712375164032,0.8880180716514587,-0.012043303810060024,0,0
74,NOSE,0.4052950441837311,0.5462564826011658,0.1891820877790451,0,0
74,LEFT_EYE_INNER,0.40233877301216125,0.5394739508628845,0.17244979739189148,0,0
74,LEFT_EYE,0.4006726145744324,0.5399905443191528,0.17244412004947662,0,0
74,LEFT_EYE_OUTER,0.39904630184173584,0.5406349897384644,0.17243592441082,0,0
74,RIGHT_EYE_INNER,0.40712690353393555,0.5381630063056946,0.17677739262580872,0,0
74,RIGHT_EYE,0.40867748856544495,0.5377569198608398,0.17679062485694885,0,0
74,RIGHT_EYE_OUTER,0.4101303815841675,0.5374240875244141,0.17676594853401184,0,0
74,LEFT_EAR,0.3974238634109497,0.5456061363220215,0.10629826039075851,0,0
74,RIGHT_EAR,0.41313067078590393,0.5409373641014099,0.12110327184200287,0,0
74,MOUTH_LEFT,0.4033833146095276,0.5535581707954407,0.16584572196006775,0,0
74,MOUTH_RIGHT,0.40791600942611694,0.5522270202636719,0.170765221118927,0,0
74,LEFT_SHOULDER,0.3855664134025574,0.587871253490448,0.04083920642733574,0,0
74,RIGHT_SHOULDER,0.4303017854690552,0.5840100049972534,0.09726335108280182,0,0
74,LEFT_ELBOW,0.382627010345459,0.6555715799331665,0.07165148109197617,0,0
74,RIGHT_ELBOW,0.42518550157546997,0.6421301364898682,0.14332230389118195,0,0
74,LEFT_WRIST,0.3887318968772888,0.6835859417915344,0.15849360823631287,0,0
74,RIGHT_WRIST,0.4050476849079132,0.6730049848556519,0.2193944901227951,0,0
74,LEFT_PINKY,0.3893066644668579,0.6919188499450684,0.16656142473220825,0,0
74,RIGHT_PINKY,0.3996743857860565,0.6814918518066406,0.23238706588745117,0,0
74,LEFT_INDEX,0.3898521363735199,0.688726544380188,0.16604375839233398,0,0
74,RIGHT_INDEX,0.39843255281448364,0.6776095032691956,0.23270277678966522,0,0
74,LEFT_THUMB,0.3906497657299042,0.6849716305732727,0.16057242453098297,0,0
74,RIGHT_THUMB,0.3987879753112793,0.6817157864570618,0.2212953418493271,0,0
74,LEFT_HIP,0.4047498106956482,0.7199706435203552,-0.015909673646092415,0,0
74,RIGHT_HIP,0.4336099922657013,0.7143165469169617,0.01579267717897892,0,0
74,LEFT_KNEE,0.3794851005077362,0.799314558506012,-0.016501804813742638,0,0
74,RIGHT_KNEE,0.4558730721473694,0.7853735685348511,0.06000040844082832,0,0
74,LEFT_ANKLE,0.375745952129364,0.8998109698295593,-0.055085647851228714,0,0
74,RIGHT_ANKLE,0.47341790795326233,0.8784906268119812,0.019685067236423492,0,0
74,LEFT_HEEL,0.37940916419029236,0.9189297556877136,-0.05918949097394943,0,0
74,RIGHT_HEEL,0.4723358154296875,0.8964666128158569,0.01606198400259018,0,0
74,LEFT_FOOT_INDEX,0.3627323806285858,0.9079379439353943,-0.07999423146247864,0,0
74,RIGHT_FOOT_INDEX,0.4836176633834839,0.8880650401115417,0.014303050003945827,0,0
75,NOSE,0.4037589132785797,0.5421163439750671,0.18462225794792175,0,0
75,LEFT_EYE_INNER,0.40065303444862366,0.5351376533508301,0.1657545268535614,0,0
75,LEFT_EYE,0.3987988531589508,0.5355846285820007,0.16579051315784454,0,0
75,LEFT_EYE_OUTER,0.3970096707344055,0.5362201929092407,0.1657191812992096,0,0
75,RIGHT_EYE_INNER,0.4059332609176636,0.5344954133033752,0.17032381892204285,0,0
75,RIGHT_EYE,0.40749603509902954,0.5343409180641174,0.17033343017101288,0,0
75,RIGHT_EYE_OUTER,0.40902942419052124,0.5342212915420532,0.17037294805049896,0,0
75,LEFT_EAR,0.3949812948703766,0.5426914691925049,0.09612374752759933,0,0
75,RIGHT_EAR,0.4119250178337097,0.5383782386779785,0.1106140986084938,0,0
75,MOUTH_LEFT,0.4013834595680237,0.5500326752662659,0.15960362553596497,0,0
75,MOUTH_RIGHT,0.4065138101577759,0.5490027070045471,0.16509276628494263,0,0
75,LEFT_SHOULDER,0.3790653347969055,0.5879956483840942,0.04100138694047928,0,0
75,RIGHT_SHOULDER,0.4302670657634735,0.5839066505432129,0.09491787105798721,0,0
75,LEFT_ELBOW,0.3738480806350708,0.659905195236206,0.09700950980186462,0,0
75,RIGHT_ELBOW,0.43310073018074036,0.6469883322715759,0.14574649930000305,0,0
75,LEFT_WRIST,0.38761386275291443,0.6814045310020447,0.21134880185127258,0,0
75,RIGHT_WRIST,0.41233617067337036,0.6691249012947083,0.24377380311489105,0,0
75,LEFT_PINKY,0.3904264271259308,0.6896122097969055,0.22578588128089905,0,0
75,RIGHT_PINKY,0.40620842576026917,0.6775050759315491,0.2606341242790222,0,0
75,LEFT_INDEX,0.391475111246109,0.6845468878746033,0.22579984366893768,0,0
75,RIGHT_INDEX,0.40157637000083923,0.6735398173332214,0.2623743414878845,0,0
75,LEFT_THUMB,0.39114853739738464,0.6813068985939026,0.2143685221672058,0,0
75,RIGHT_THUMB,0.4005173444747925,0.6756870746612549,0.24691691994667053,0,0
75,LEFT_HIP,0.40038400888442993,0.7207220196723938,-0.014665661379694939,0,0
75,RIGHT_HIP,0.4310687780380249,0.7142732739448547,0.014562958851456642,0,0
75,LEFT_KNEE,0.3777627646923065,0.8015133142471313,-0.010997409000992775,0,0
75,RIGHT_KNEE,0.4541710317134857,0.7852668762207031,0.06430547684431076,0,0
75,LEFT_ANKLE,0.37537574768066406,0.902705192565918,-0.04517078399658203,0,0
75,RIGHT_ANKLE,0.47383779287338257,0.8785098195075989,0.037469781935214996,0,0
75,LEFT_HEEL,0.3790453374385834,0.9201003313064575,-0.04642767086625099,0,0
75,RIGHT_HEEL,0.47332972288131714,0.8963932991027832,0.03543774038553238,0,0
75,LEFT_FOOT_INDEX,0.36238178610801697,0.9088791608810425,-0.04687406122684479,0,0
75,RIGHT_FOOT_INDEX,0.4773063659667969,0.888063371181488,0.04207176715135574,0,0
76,NOSE,0.40447282791137695,0.5412112474441528,0.1819891333580017,0,0
76,LEFT_EYE_INNER,0.40156814455986023,0.5340786576271057,0.1620255559682846,0,0
76,LEFT_EYE,0.39966946840286255,0.5344191789627075,0.16206984221935272,0,0
76,LEFT_EYE_OUTER,0.39770522713661194,0.53498375415802,0.1620103418827057,0,0
76,RIGHT_EYE_INNER,0.4064200520515442,0.5335392951965332,0.16702674329280853,0,0
76,RIGHT_EYE,0.40776917338371277,0.5333661437034607,0.16704227030277252,0,0
76,RIGHT_EYE_OUTER,0.4090660512447357,0.5332204103469849,0.16710728406906128,0,0
76,LEFT_EAR,0.39504384994506836,0.5417270064353943,0.09303384274244308,0,0
76,RIGHT_EAR,0.41150322556495667,0.5373813509941101,0.10855764895677567,0,0
76,MOUTH_LEFT,0.4021097421646118,0.5490942001342773,0.15681761503219604,0,0
76,MOUTH_RIGHT,0.40704360604286194,0.5483195185661316,0.16356948018074036,0,0
76,LEFT_SHOULDER,0.37745776772499084,0.5879668593406677,0.04147123917937279,0,0
76,RIGHT_SHOULDER,0.42971670627593994,0.5838697552680969,0.09133975952863693,0,0
76,LEFT_ELBOW,0.36507919430732727,0.6575725674629211,0.09922368079423904,0,0
76,RIGHT_ELBOW,0.4367721378803253,0.6473628282546997,0.15197385847568512,0,0
76,LEFT_WRIST,0.38167044520378113,0.6785203218460083,0.21621908247470856,0,0
76,RIGHT_WRIST,0.4157162010669708,0.667629599571228,0.2573034465312958,0,0
76,LEFT_PINKY,0.38440024852752686,0.6864608526229858,0.23174254596233368,0,0
76,RIGHT_PINKY,0.4085356891155243,0.6714878082275391,0.2760455310344696,0,0
76,LEFT_INDEX,0.38690969347953796,0.6817490458488464,0.23248291015625,0,0
76,RIGHT_INDEX,0.40269380807876587,0.6669526100158691,0.2775542438030243,0,0
76,LEFT_THUMB,0.38619109988212585,0.6787645816802979,0.2199205905199051,0,0
76,RIGHT_THUMB,0.4013095200061798,0.6660409569740295,0.2607511281967163,0,0
76,LEFT_HIP,0.397795170545578,0.7217537760734558,-0.014098761603236198,0,0
76,RIGHT_HIP,0.4287271201610565,0.7144575715065002,0.013985025696456432,0,0
76,LEFT_KNEE,0.37721580266952515,0.8030970096588135,-0.005298757925629616,0,0
76,RIGHT_KNEE,0.45204776525497437,0.7852569818496704,0.07114017754793167,0,0
76,LEFT_ANKLE,0.375348836183548,0.9035201072692871,-0.045167554169893265,0,0
76,RIGHT_ANKLE,0.47299274802207947,0.8789438605308533,0.031175842508673668,0,0
76,LEFT_HEEL,0.3788776397705078,0.92027348279953,-0.04694143310189247,0,0
76,RIGHT_HEEL,0.4732181429862976,0.8963999152183533,0.027785534039139748,0,0
76,LEFT_FOOT_INDEX,0.36307746171951294,0.9089419841766357,-0.046432118862867355,0,0
76,RIGHT_FOOT_INDEX,0.47342053055763245,0.8893587589263916,0.03539536893367767,0,0
77,NOSE,0.4045715034008026,0.5411414504051208,0.16952304542064667,0,0
77,LEFT_EYE_INNER,0.40182170271873474,0.5339123010635376,0.15238457918167114,0,0
77,LEFT_EYE,0.3999623656272888,0.5342071056365967,0.1524021178483963,0,0
77,LEFT_EYE_OUTER,0.39803969860076904,0.5347165465354919,0.15237465500831604,0,0
77,RIGHT_EYE_INNER,0.4062967300415039,0.5334181189537048,0.15650774538516998,0,0
77,RIGHT_EYE,0.4075428545475006,0.5332610011100769,0.15652146935462952,0,0
77,RIGHT_EYE_OUTER,0.408854216337204,0.5331218242645264,0.15653949975967407,0,0
77,LEFT_EAR,0.3949114978313446,0.5413971543312073,0.08676206320524216,0,0
77,RIGHT_EAR,0.41117778420448303,0.5373735427856445,0.10253842175006866,0,0
77,MOUTH_LEFT,0.4022817313671112,0.5488210320472717,0.1476907581090927,0,0
77,MOUTH_RIGHT,0.4069719910621643,0.5482397675514221,0.15292467176914215,0,0
77,LEFT_SHOULDER,0.37747886776924133,0.5878640413284302,0.037745192646980286,0,0
77,RIGHT_SHOULDER,0.4296616017818451,0.5838208198547363,0.09097892791032791,0,0
77,LEFT_ELBOW,0.3635813295841217,0.657332181930542,0.09135808050632477,0,0
77,RIGHT_ELBOW,0.4381353259086609,0.648601233959198,0.150905579328537,0,0
77,LEFT_WRIST,0.37880703806877136,0.6771587133407593,0.21265386044979095,0,0
77,RIGHT_WRIST,0.41745370626449585,0.667374849319458,0.25777286291122437,0,0
77,LEFT_PINKY,0.380990594625473,0.6851106286048889,0.228621706366539,0,0
77,RIGHT_PINKY,0.41011470556259155,0.6680790781974792,0.2774023711681366,0,0
77,LEFT_INDEX,0.38356998562812805,0.680370569229126,0.22959311306476593,0,0
77,RIGHT_INDEX,0.40414154529571533,0.6634804606437683,0.2789543867111206,0,0
77,LEFT_THUMB,0.3830779492855072,0.6773937344551086,0.21654841303825378,0,0
77,RIGHT_THUMB,0.4033341705799103,0.6617836356163025,0.2612786591053009,0,0
77,LEFT_HIP,0.39743247628211975,0.7221707701683044,-0.016653042286634445,0,0
77,RIGHT_HIP,0.42835113406181335,0.7144537568092346,0.016549257561564445,0,0
77,LEFT_KNEE,0.37718141078948975,0.8027294874191284,0.0017045451095327735,0,0
77,RIGHT_KNEE,0.4514252841472626,0.785358726978302,0.07714898139238358,0,0
77,LEFT_ANKLE,0.3753340542316437,0.9029927849769592,-0.04329956695437431,0,0
77,RIGHT_ANKLE,0.4718693494796753,0.8793609142303467,0.02933918498456478,0,0
77,LEFT_HEEL,0.37919947504997253,0.9207332730293274,-0.04563460126519203,0,0
77,RIGHT_HEEL,0.4731347858905792,0.8964596390724182,0.025394093245267868,0,0
77,LEFT_FOOT_INDEX,0.3629489243030548,0.9093066453933716,-0.038102492690086365,0,0
77,RIGHT_FOOT_INDEX,0.47399893403053284,0.8905594944953918,0.03632902726531029,0,0
78,NOSE,0.40426939725875854,0.5412481427192688,0.15886296331882477,0,0
78,LEFT_EYE_INNER,0.40118569135665894,0.5340321063995361,0.14321303367614746,0,0
78,LEFT_EYE,0.39917436242103577,0.5342884659767151,0.1432298868894577,0,0
78,LEFT_EYE_OUTER,0.39717182517051697,0.5347423553466797,0.1432204395532608,0,0
78,RIGHT_EYE_INNER,0.40590381622314453,0.5335344076156616,0.14562788605690002,0,0
78,RIGHT_EYE,0.4072445333003998,0.5333552360534668,0.1456477791070938,0,0
78,RIGHT_EYE_OUTER,0.4086567461490631,0.5331749320030212,0.14563192427158356,0,0
78,LEFT_EAR,0.3941357433795929,0.5410599708557129,0.08177828788757324,0,0
78,RIGHT_EAR,0.4104703366756439,0.5372099876403809,0.09173538535833359,0,0
78,MOUTH_LEFT,0.4020846486091614,0.5485363602638245,0.13957428932189941,0,0
78,MOUTH_RIGHT,0.40707916021347046,0.5480799078941345,0.14245089888572693,0,0
78,LEFT_SHOULDER,0.3758648633956909,0.5880832672119141,0.03820575028657913,0,0
78,RIGHT_SHOULDER,0.4291249215602875,0.5832756161689758,0.07326361536979675,0,0
78,LEFT_ELBOW,0.3587509095668793,0.6558329463005066,0.09604184329509735,0,0
78,RIGHT_ELBOW,0.43993517756462097,0.6475794315338135,0.13167020678520203,0,0
78,LEFT_WRIST,0.3818710446357727,0.6732086539268494,0.21151873469352722,0,0
78,RIGHT_WRIST,0.41747578978538513,0.6660852432250977,0.23462973535060883,0,0
78,LEFT_PINKY,0.3842622637748718,0.6784812808036804,0.2274203598499298,0,0
78,RIGHT_PINKY,0.41097894310951233,0.6683473587036133,0.25253361463546753,0,0
78,LEFT_INDEX,0.3858461380004883,0.6719107627868652,0.2276831716299057,0,0
78,RIGHT_INDEX,0.4079173803329468,0.6636391282081604,0.25454258918762207,0,0
78,LEFT_THUMB,0.3865264356136322,0.6693709492683411,0.21495679020881653,0,0
78,RIGHT_THUMB,0.40771806240081787,0.661142110824585,0.23830978572368622,0,0
78,LEFT_HIP,0.39632081985473633,0.7230890989303589,-0.014051179401576519,0,0
78,RIGHT_HIP,0.4264768064022064,0.7146726250648499,0.013920506462454796,0,0
78,LEFT_KNEE,0.37735792994499207,0.8026841878890991,0.019974293187260628,0,0
78,RIGHT_KNEE,0.45039311051368713,0.7853368520736694,0.07915382832288742,0,0
78,LEFT_ANKLE,0.37520554661750793,0.9025174379348755,-0.01568264327943325,0,0
78,RIGHT_ANKLE,0.4684869647026062,0.880266547203064,0.04557336866855621,0,0
78,LEFT_HEEL,0.37914708256721497,0.9200144410133362,-0.0174765232950449,0,0
78,RIGHT_HEEL,0.4671621024608612,0.8967133164405823,0.04311691224575043,0,0
78,LEFT_FOOT_INDEX,0.36330005526542664,0.9090894460678101,-0.008774634450674057,0,0
78,RIGHT_FOOT_INDEX,0.47473272681236267,0.8942858576774597,0.05523484945297241,0,0
79,NOSE,0.4051860570907593,0.5405583381652832,0.16189876198768616,0,0
79,LEFT_EYE_INNER,0.40199291706085205,0.5330321788787842,0.14677581191062927,0,0
79,LEFT_EYE,0.39995038509368896,0.5331504344940186,0.14678969979286194,0,0
79,LEFT_EYE_OUTER,0.39788752794265747,0.5334582924842834,0.14679132401943207,0,0
79,RIGHT_EYE_INNER,0.40700188279151917,0.532752513885498,0.14785782992839813,0,0
79,RIGHT_EYE,0.40847349166870117,0.5325878858566284,0.14787937700748444,0,0
79,RIGHT_EYE_OUTER,0.40998396277427673,0.5323912501335144,0.14785358309745789,0,0
79,LEFT_EAR,0.3946346938610077,0.5392462015151978,0.0840827226638794,0,0
79,RIGHT_EAR,0.4113006591796875,0.5361750721931458,0.09149818122386932,0,0
79,MOUTH_LEFT,0.4030078053474426,0.5472780466079712,0.14309021830558777,0,0
79,MOUTH_RIGHT,0.40825992822647095,0.547156035900116,0.14495018124580383,0,0
79,LEFT_SHOULDER,0.37537986040115356,0.5882076621055603,0.051447249948978424,0,0
79,RIGHT_SHOULDER,0.4289908707141876,0.583022952079773,0.06367577612400055,0,0
79,LEFT_ELBOW,0.3568693697452545,0.6557647585868835,0.11633885651826859,0,0
79,RIGHT_ELBOW,0.44190019369125366,0.6464492678642273,0.12141983956098557,0,0
79,LEFT_WRIST,0.38356128334999084,0.666455090045929,0.22885023057460785,0,0
79,RIGHT_WRIST,0.41969186067581177,0.6629893183708191,0.22880099713802338,0,0
79,LEFT_PINKY,0.3852512240409851,0.6694760918617249,0.2459278106689453,0,0
79,RIGHT_PINKY,0.41314923763275146,0.6674103140830994,0.24721045792102814,0,0
79,LEFT_INDEX,0.38619720935821533,0.6634798049926758,0.24621430039405823,0,0
79,RIGHT_INDEX,0.41021525859832764,0.6624060869216919,0.2487410455942154,0,0
79,LEFT_THUMB,0.3880408704280853,0.6611717343330383,0.23223921656608582,0,0
79,RIGHT_THUMB,0.41076576709747314,0.6585419178009033,0.23264941573143005,0,0
79,LEFT_HIP,0.39514049887657166,0.7229259610176086,-0.004531398881226778,0,0
79,RIGHT_HIP,0.42517179250717163,0.7147122025489807,0.004346734844148159,0,0
79,LEFT_KNEE,0.37780559062957764,0.8022890090942383,0.046583667397499084,0,0
79,RIGHT_KNEE,0.45038366317749023,0.7851192951202393,0.08055393397808075,0,0
79,LEFT_ANKLE,0.3753180503845215,0.9015136957168579,-0.002625969937071204,0,0
79,RIGHT_ANKLE,0.46396714448928833,0.881943941116333,0.03526962175965309,0,0
79,LEFT_HEEL,0.37916097044944763,0.9193642735481262,-0.005506646819412708,0,0
79,RIGHT_HEEL,0.46055683493614197,0.8974584341049194,0.031724557280540466,0,0
79,LEFT_FOOT_INDEX,0.36434802412986755,0.9086230993270874,0.009575248695909977,0,0
79,RIGHT_FOOT_INDEX,0.47354671359062195,0.8994396328926086,0.047244276851415634,0,0
80,NOSE,0.406603068113327,0.5401122570037842,0.16290713846683502,0,0
80,LEFT_EYE_INNER,0.40331944823265076,0.5320031642913818,0.1492449939250946,0,0
80,LEFT_EYE,0.4013420343399048,0.5319613814353943,0.14927145838737488,0,0
80,LEFT_EYE_OUTER,0.39939084649086,0.5321274995803833,0.14932827651500702,0,0
80,RIGHT_EYE_INNER,0.40841153264045715,0.5320795178413391,0.1503099799156189,0,0
80,RIGHT_EYE,0.4099445343017578,0.5319693684577942,0.15032967925071716,0,0
80,RIGHT_EYE_OUTER,0.4114367663860321,0.53180330991745,0.15030409395694733,0,0
80,LEFT_EAR,0.3961844742298126,0.5375411510467529,0.09625258296728134,0,0
80,RIGHT_EAR,0.41258659958839417,0.5354383587837219,0.09171162545681,0,0
80,MOUTH_LEFT,0.40445592999458313,0.5464247465133667,0.14867790043354034,0,0
80,MOUTH_RIGHT,0.40958359837532043,0.5466686487197876,0.1465427726507187,0,0
80,LEFT_SHOULDER,0.3763354420661926,0.5880788564682007,0.06876685470342636,0,0
80,RIGHT_SHOULDER,0.42911502718925476,0.58250492811203,0.0527770072221756,0,0
80,LEFT_ELBOW,0.3588642179965973,0.6532210111618042,0.13158348202705383,0,0
80,RIGHT_ELBOW,0.44494494795799255,0.6458608508110046,0.11355646699666977,0,0
80,LEFT_WRIST,0.3845064043998718,0.6572265028953552,0.22954684495925903,0,0
80,RIGHT_WRIST,0.4217589199542999,0.6601728796958923,0.20918205380439758,0,0
80,LEFT_PINKY,0.39022037386894226,0.6596609950065613,0.24702849984169006,0,0
80,RIGHT_PINKY,0.4150124788284302,0.6654399037361145,0.22601985931396484,0,0
80,LEFT_INDEX,0.39208659529685974,0.6536904573440552,0.24596497416496277,0,0
80,RIGHT_INDEX,0.41260606050491333,0.6602498292922974,0.2275434136390686,0,0
80,LEFT_THUMB,0.3907352387905121,0.6516153216362,0.2321057915687561,0,0
80,RIGHT_THUMB,0.41386720538139343,0.6568469405174255,0.21295219659805298,0,0
80,LEFT_HIP,0.3939966857433319,0.7227199077606201,0.006318181753158569,0,0
80,RIGHT_HIP,0.4240049123764038,0.7147334814071655,-0.006429343484342098,0,0
80,LEFT_KNEE,0.3777233064174652,0.802520751953125,0.07484745979309082,0,0
80,RIGHT_KNEE,0.4502054750919342,0.7851197123527527,0.07593775540590286,0,0
80,LEFT_ANKLE,0.3753432035446167,0.9013885855674744,-0.013542935252189636,0,0
80,RIGHT_ANKLE,0.4596639573574066,0.8837778568267822,-0.007856674492359161,0,0
80,LEFT_HEEL,0.37908464670181274,0.9190766215324402,-0.0191609226167202,0,0
80,RIGHT_HEEL,0.45450636744499207,0.8985105752944946,-0.014338020235300064,0,0
80,LEFT_FOOT_INDEX,0.36571040749549866,0.9084104299545288,-0.0003837283293250948,0,0
80,RIGHT_FOOT_INDEX,0.4721534550189972,0.9067714810371399,0.010223479010164738,0,0
81,NOSE,0.40755924582481384,0.5390961170196533,0.17938630282878876,0,0
81,LEFT_EYE_INNER,0.40438368916511536,0.530475914478302,0.16535410284996033,0,0
81,LEFT_EYE,0.40246209502220154,0.5303074717521667,0.1653740108013153,0,0
81,LEFT_EYE_OUTER,0.40056249499320984,0.5303720831871033,0.16544389724731445,0,0
81,RIGHT_EYE_INNER,0.4093753695487976,0.5308647751808167,0.1623094081878662,0,0
81,RIGHT_EYE,0.410871684551239,0.5308141708374023,0.1623200625181198,0,0
81,RIGHT_EYE_OUTER,0.41233572363853455,0.5306834578514099,0.16229677200317383,0,0
81,LEFT_EAR,0.3974725902080536,0.5356623530387878,0.1127624660730362,0,0
81,RIGHT_EAR,0.4136654734611511,0.5340917706489563,0.09631437808275223,0,0
81,MOUTH_LEFT,0.40539276599884033,0.5450987219810486,0.1642594337463379,0,0
81,MOUTH_RIGHT,0.410412460565567,0.5455441474914551,0.1599191576242447,0,0
81,LEFT_SHOULDER,0.37832996249198914,0.5864334106445312,0.08781333267688751,0,0
81,RIGHT_SHOULDER,0.4297010004520416,0.5822101831436157,0.050559546798467636,0,0
81,LEFT_ELBOW,0.3632298409938812,0.6493187546730042,0.15873831510543823,0,0
81,RIGHT_ELBOW,0.44780534505844116,0.6437205672264099,0.1099628433585167,0,0
81,LEFT_WRIST,0.38568058609962463,0.6481586694717407,0.26231202483177185,0,0
81,RIGHT_WRIST,0.426772803068161,0.6530624032020569,0.21010087430477142,0,0
81,LEFT_PINKY,0.39345642924308777,0.6479018926620483,0.28195375204086304,0,0
81,RIGHT_PINKY,0.4208717346191406,0.6572049260139465,0.22645185887813568,0,0
81,LEFT_INDEX,0.3951581120491028,0.6406185626983643,0.2797589600086212,0,0
81,RIGHT_INDEX,0.4187109172344208,0.651949942111969,0.22690123319625854,0,0
81,LEFT_THUMB,0.39385414123535156,0.6468393802642822,0.26455384492874146,0,0
81,RIGHT_THUMB,0.42041972279548645,0.649734377861023,0.21353700757026672,0,0
81,LEFT_HIP,0.39334365725517273,0.7208120822906494,0.012768584303557873,0,0
81,RIGHT_HIP,0.4234027862548828,0.7142346501350403,-0.012775348499417305,0,0
81,LEFT_KNEE,0.3782292306423187,0.8020250201225281,0.08281008154153824,0,0
81,RIGHT_KNEE,0.4501279592514038,0.7847037315368652,0.06221155449748039,0,0
81,LEFT_ANKLE,0.3753754794597626,0.9014732837677002,-0.04700102284550667,0,0
81,RIGHT_ANKLE,0.45569610595703125,0.8850772976875305,-0.06737730652093887,0,0
81,LEFT_HEEL,0.3780844807624817,0.9190650582313538,-0.058375559747219086,0,0
81,RIGHT_HEEL,0.44915059208869934,0.9012429714202881,-0.07723408192396164,0,0
81,LEFT_FOOT_INDEX,0.36844533681869507,0.9102787375450134,-0.029354970902204514,0,0
81,RIGHT_FOOT_INDEX,0.47179558873176575,0.9141891002655029,-0.052445195615291595,0,0
82,NOSE,0.4081125557422638,0.5386311411857605,0.1799025982618332,0,0
82,LEFT_EYE_INNER,0.40496987104415894,0.5299431681632996,0.1659231036901474,0,0
82,LEFT_EYE,0.4030722975730896,0.5297738909721375,0.1659378707408905,0,0
82,LEFT_EYE_OUTER,0.4011929929256439,0.5298338532447815,0.16599716246128082,0,0
82,RIGHT_EYE_INNER,0.40992310643196106,0.5303341746330261,0.16281594336032867,0,0
82,RIGHT_EYE,0.4114018976688385,0.5302908420562744,0.16282744705677032,0,0
82,RIGHT_EYE_OUTER,0.4128493666648865,0.5301648378372192,0.162803515791893,0,0
82,LEFT_EAR,0.39810189604759216,0.5350922346115112,0.11305975914001465,0,0
82,RIGHT_EAR,0.4142528772354126,0.5334909558296204,0.09709182381629944,0,0
82,MOUTH_LEFT,0.40594884753227234,0.5445286631584167,0.16434556245803833,0,0
82,MOUTH_RIGHT,0.41091105341911316,0.544948935508728,0.16030408442020416,0,0
82,LEFT_SHOULDER,0.37854138016700745,0.5855428576469421,0.08738153427839279,0,0
82,RIGHT_SHOULDER,0.42999696731567383,0.5819279551506042,0.048154812306165695,0,0
82,LEFT_ELBOW,0.3635076880455017,0.6475396752357483,0.15579280257225037,0,0
82,RIGHT_ELBOW,0.4480859935283661,0.6429781317710876,0.10866767913103104,0,0
82,LEFT_WRIST,0.38596031069755554,0.6469141840934753,0.25599050521850586,0,0
82,RIGHT_WRIST,0.42716678977012634,0.6512638330459595,0.20710812509059906,0,0
82,LEFT_PINKY,0.39431342482566833,0.6463748216629028,0.27483272552490234,0,0
82,RIGHT_PINKY,0.4209047853946686,0.6553066968917847,0.22332988679409027,0,0
82,LEFT_INDEX,0.3959125578403473,0.6387836933135986,0.27264687418937683,0,0
82,RIGHT_INDEX,0.419571191072464,0.6517441272735596,0.22367674112319946,0,0
82,LEFT_THUMB,0.3946268856525421,0.6460559964179993,0.25808003544807434,0,0
82,RIGHT_THUMB,0.4202340245246887,0.6479931473731995,0.21042193472385406,0,0
82,LEFT_HIP,0.393090158700943,0.7197569012641907,0.013993624597787857,0,0
82,RIGHT_HIP,0.42321985960006714,0.7138156890869141,-0.014011407271027565,0,0
82,LEFT_KNEE,0.378587543964386,0.8016852140426636,0.08356227725744247,0,0
82,RIGHT_KNEE,0.45016226172447205,0.7844844460487366,0.06196073815226555,0,0
82,LEFT_ANKLE,0.3753877878189087,0.901456892490387,-0.04480454698204994,0,0
82,RIGHT_ANKLE,0.4546196162700653,0.8863729238510132,-0.058530423790216446,0,0
82,LEFT_HEEL,0.37801849842071533,0.9189523458480835,-0.05505703017115593,0,0
82,RIGHT_HEEL,0.4477922320365906,0.9028862118721008,-0.06763329356908798,0,0
82,LEFT_FOOT_INDEX,0.3688853681087494,0.9107039570808411,-0.0295362900942564,0,0
82,RIGHT_FOOT_INDEX,0.47200947999954224,0.9147276878356934,-0.04252990707755089,0,0
83,NOSE,0.41145163774490356,0.5380821824073792,0.1782505214214325,0,0
83,LEFT_EYE_INNER,0.40796664357185364,0.5292277336120605,0.16412638127803802,0,0
83,LEFT_EYE,0.4060816764831543,0.528929591178894,0.16412927210330963,0,0
83,LEFT_EYE_OUTER,0.4042888581752777,0.5288212299346924,0.16416026651859283,0,0
83,RIGHT_EYE_INNER,0.4125405251979828,0.529798150062561,0.15892790257930756,0,0
83,RIGHT_EYE,0.41383811831474304,0.5297749042510986,0.1589285433292389,0,0
83,RIGHT_EYE_OUTER,0.41494810581207275,0.5296870470046997,0.15889984369277954,0,0
83,LEFT_EAR,0.40073174238204956,0.5338431000709534,0.11052621155977249,0,0
83,RIGHT_EAR,0.4153019189834595,0.5329807996749878,0.09386748820543289,0,0
83,MOUTH_LEFT,0.40948691964149475,0.5441766977310181,0.16103632748126984,0,0
83,MOUTH_RIGHT,0.41368409991264343,0.5446415543556213,0.1570897400379181,0,0
83,LEFT_SHOULDER,0.3797707259654999,0.5843769907951355,0.09286677837371826,0,0
83,RIGHT_SHOULDER,0.4303296208381653,0.5819674134254456,0.04059590399265289,0,0
83,LEFT_ELBOW,0.3651297688484192,0.6444956660270691,0.16963011026382446,0,0
83,RIGHT_ELBOW,0.4490395188331604,0.6428903341293335,0.10291490703821182,0,0
83,LEFT_WRIST,0.389957070350647,0.640336275100708,0.2747720777988434,0,0
83,RIGHT_WRIST,0.43012577295303345,0.6494348645210266,0.21259252727031708,0,0
83,LEFT_PINKY,0.3953506052494049,0.6437772512435913,0.2956720292568207,0,0
83,RIGHT_PINKY,0.42552947998046875,0.6528786420822144,0.22980843484401703,0,0
83,LEFT_INDEX,0.39978140592575073,0.6388410329818726,0.29287782311439514,0,0
83,RIGHT_INDEX,0.4228847920894623,0.6479464769363403,0.23031830787658691,0,0
83,LEFT_THUMB,0.39943400025367737,0.6413840651512146,0.27672943472862244,0,0
83,RIGHT_THUMB,0.42399099469184875,0.6456117033958435,0.2164296805858612,0,0
83,LEFT_HIP,0.39252015948295593,0.7191256880760193,0.018645744770765305,0,0
83,RIGHT_HIP,0.4227605164051056,0.7138151526451111,-0.01870160922408104,0,0
83,LEFT_KNEE,0.3786778151988983,0.8019872903823853,0.07516547292470932,0,0
83,RIGHT_KNEE,0.45011839270591736,0.7860151529312134,0.04775577038526535,0,0
83,LEFT_ANKLE,0.3753989636898041,0.9022964239120483,-0.04250476881861687,0,0
83,RIGHT_ANKLE,0.4513852298259735,0.8889007568359375,-0.06200588867068291,0,0
83,LEFT_HEEL,0.3779580295085907,0.9198065400123596,-0.05205212160944939,0,0
83,RIGHT_HEEL,0.44380950927734375,0.9054037928581238,-0.07037980109453201,0,0
83,LEFT_FOOT_INDEX,0.36893191933631897,0.9102953672409058,-0.031422208994627,0,0
83,RIGHT_FOOT_INDEX,0.4701927602291107,0.921173095703125,-0.05038297176361084,0,0
84,NOSE,0.4149342477321625,0.5382380485534668,0.1705072671175003,0,0
84,LEFT_EYE_INNER,0.4114559590816498,0.529506266117096,0.15795336663722992,0,0
84,LEFT_EYE,0.40971750020980835,0.52925044298172,0.157961905002594,0,0
84,LEFT_EYE_OUTER,0.40797990560531616,0.5291728973388672,0.15797565877437592,0,0
84,RIGHT_EYE_INNER,0.41590896248817444,0.5299633741378784,0.15310025215148926,0,0
84,RIGHT_EYE,0.41707268357276917,0.5299266576766968,0.1531061977148056,0,0
84,RIGHT_EYE_OUTER,0.4181319773197174,0.5298375487327576,0.1530867964029312,0,0
84,LEFT_EAR,0.40451738238334656,0.5341253876686096,0.1078585609793663,0,0
84,RIGHT_EAR,0.41827860474586487,0.533195436000824,0.09119538217782974,0,0
84,MOUTH_LEFT,0.4129747152328491,0.544352650642395,0.15651053190231323,0,0
84,MOUTH_RIGHT,0.41718724370002747,0.5447639226913452,0.1510482132434845,0,0
84,LEFT_SHOULDER,0.3810481131076813,0.5844120979309082,0.09167268872261047,0,0
84,RIGHT_SHOULDER,0.4333823323249817,0.5831092596054077,0.04168502986431122,0,0
84,LEFT_ELBOW,0.37660810351371765,0.6448370218276978,0.1692461371421814,0,0
84,RIGHT_ELBOW,0.45043879747390747,0.644462525844574,0.10306178033351898,0,0
84,LEFT_WRIST,0.3952278196811676,0.6451210379600525,0.2785890996456146,0,0
84,RIGHT_WRIST,0.43474605679512024,0.647881031036377,0.22201161086559296,0,0
84,LEFT_PINKY,0.39900925755500793,0.6453070640563965,0.30064454674720764,0,0
84,RIGHT_PINKY,0.43047142028808594,0.6503870487213135,0.239542156457901,0,0
84,LEFT_INDEX,0.40441086888313293,0.6407274603843689,0.2981232702732086,0,0
84,RIGHT_INDEX,0.42757323384284973,0.6455270648002625,0.24023911356925964,0,0
84,LEFT_THUMB,0.40437081456184387,0.6422153115272522,0.2810477614402771,0,0
84,RIGHT_THUMB,0.42774295806884766,0.6440820097923279,0.22596386075019836,0,0
84,LEFT_HIP,0.39281371235847473,0.719506025314331,0.019715476781129837,0,0
84,RIGHT_HIP,0.4228835701942444,0.7162625193595886,-0.019826436415314674,0,0
84,LEFT_KNEE,0.3814544975757599,0.8023422956466675,0.06600897759199142,0,0
84,RIGHT_KNEE,0.4500337839126587,0.7932576537132263,0.03954818472266197,0,0
84,LEFT_ANKLE,0.3754163086414337,0.9020586013793945,-0.03225000575184822,0,0
84,RIGHT_ANKLE,0.4489406943321228,0.8960841298103333,-0.04928198829293251,0,0
84,LEFT_HEEL,0.37780970335006714,0.9196013808250427,-0.040997158735990524,0,0
84,RIGHT_HEEL,0.4418966472148895,0.9155169725418091,-0.056373097002506256,0,0
84,LEFT_FOOT_INDEX,0.3688342869281769,0.9110046625137329,-0.02566296048462391,0,0
84,RIGHT_FOOT_INDEX,0.46744388341903687,0.9246111512184143,-0.04253368824720383,0,0
85,NOSE,0.41951242089271545,0.538306474685669,0.1603032499551773,0,0
85,LEFT_EYE_INNER,0.41638898849487305,0.5296444892883301,0.14846917986869812,0,0
85,LEFT_EYE,0.41467854380607605,0.5294281840324402,0.14849071204662323,0,0
85,LEFT_EYE_OUTER,0.41305968165397644,0.529371976852417,0.148483544588089,0,0
85,RIGHT_EYE_INNER,0.42033442854881287,0.5300246477127075,0.14426156878471375,0,0
85,RIGHT_EYE,0.4214171767234802,0.529992401599884,0.14426860213279724,0,0
85,RIGHT_EYE_OUTER,0.4224207103252411,0.5299199223518372,0.14424166083335876,0,0
85,LEFT_EAR,0.40938037633895874,0.5343229174613953,0.10112249851226807,0,0
85,RIGHT_EAR,0.42224523425102234,0.533326268196106,0.08307059854269028,0,0
85,MOUTH_LEFT,0.417568564414978,0.5444982051849365,0.14665740728378296,0,0
85,MOUTH_RIGHT,0.42144158482551575,0.5448725819587708,0.1413707137107849,0,0
85,LEFT_SHOULDER,0.38563260436058044,0.5840858817100525,0.0886835977435112,0,0
85,RIGHT_SHOULDER,0.4374488294124603,0.5850183367729187,0.03845471143722534,0,0
85,LEFT_ELBOW,0.38467538356781006,0.6449571251869202,0.16692151129245758,0,0
85,RIGHT_ELBOW,0.4516230523586273,0.6490926742553711,0.10113634914159775,0,0
85,LEFT_WRIST,0.39914819598197937,0.6473569273948669,0.2820858955383301,0,0
85,RIGHT_WRIST,0.4345170259475708,0.646919846534729,0.2224612683057785,0,0
85,LEFT_PINKY,0.40146172046661377,0.6474063396453857,0.30544397234916687,0,0
85,RIGHT_PINKY,0.4317586123943329,0.648175060749054,0.24116049706935883,0,0
85,LEFT_INDEX,0.4066692888736725,0.6423825025558472,0.3041137754917145,0,0
85,RIGHT_INDEX,0.4264160394668579,0.6413980722427368,0.2425965666770935,0,0
85,LEFT_THUMB,0.40723276138305664,0.6431769728660583,0.28544026613235474,0,0
85,RIGHT_THUMB,0.42779532074928284,0.6400740742683411,0.22692887485027313,0,0
85,LEFT_HIP,0.3937567472457886,0.7206112742424011,0.022339873015880585,0,0
85,RIGHT_HIP,0.4234212338924408,0.7194230556488037,-0.02255375124514103,0,0
85,LEFT_KNEE,0.3841091990470886,0.8030396103858948,0.06011485308408737,0,0
85,RIGHT_KNEE,0.45026397705078125,0.8001680374145508,0.03401641175150871,0,0
85,LEFT_ANKLE,0.3752725422382355,0.9018231630325317,-0.008815060369670391,0,0
85,RIGHT_ANKLE,0.44721177220344543,0.9019705057144165,-0.03646281734108925,0,0
85,LEFT_HEEL,0.37717944383621216,0.9194501042366028,-0.014415326528251171,0,0
85,RIGHT_HEEL,0.44022196531295776,0.9241299033164978,-0.0448305681347847,0,0
85,LEFT_FOOT_INDEX,0.3687273859977722,0.910253643989563,-0.005428779404610395,0,0
85,RIGHT_FOOT_INDEX,0.467277467250824,0.9229942560195923,-0.029183117672801018,0,0
